6700元/平起89-145坪精装准F房！双地铁双景观百米楼间距，幼儿园商业配套成熟！不限购宜住宜投资数量有限4001017700【大梅江】



13820508128
13702138433
13821551156
13920805187
13612169979
13512470707
13821688009
13920360391
13672034085
13820190929
13802000570
13821202383
13920606119
13902006376
13820479789
13702135966
13902118165
13702049858
15822893722
13920442180
13502134105
13821384859
13920931618
13702138902
13820610882
13821199766
13752405943
13821102587
13821410394
13516265235
13920609518
13642122299
15822664643
15822059226
15922056777
13920503395
13502086098
13820509368
13820913031
13820301983
13920635572
13920116865
13821669238
13821403103
13702006777
13752406218
13920553760
15900369871
13920228391
13902055487
13821016882
13512268612
13512238370
13752176984
13752526907
13752671188
13920004434
13821289613
13820917456
13820293065
13920056687
13902095576
15922141556
15822753383
13902133114
13702061926
13920713503
15922128843
13902100800
13821392240
13516154808
13821371209
13502125555
13821118628
13752689287
15822369925
13821891889
13821465120
13920592211
13920317770
13821300657
15922044062
13920270519
13820769936
13902099987
13920471705
13672114812
13512401626
13821281944
13821096643
13821186456
13821598168
13902061650
13802192296
13752190523
13821800044
13622178913
15822779252
13702125151
13752662801
13821100031
13920146351
13820999401
13672027227
13820086167
13612014066
13502134660
13920492282
13702173891
13820488111
13803017923
13920606845
13802007440
13821523683
13820861513
13612130584
13821658413
13820977645
13920390396
13821277701
13702053356
13512883519
13820701433
13820809510
13920264999
13820631670
13820074565
13821364929
13752067462
13820267406
13920567950
13821465016
13752567878
15822227244
15822112625
13820075699
15922001188
13920895429
13602031123
13820567520
13752653305
13920787376
13602086998
13821001490
15902277949
15822889596
13820488985
13516268508
13821209871
13920127106
13752577684
15922214212
13516131022
13920827857
15822035251
13602069029
13602168886
13920028058
13502003161
13821752145
13602060449
15822805829
13820522201
15822574577
13920689356
13821353426
13612056387
13602042200
15822475071
13820575681
13920628688
13820089845
13920367346
13682077888
13820715420
13652123626
13920720118
13802112251
13821848978
13662091910
13820065890
13920455882
13820345035
13820351382
13920248407
13702006186
13902073897
13920625666
13821896509
15922071427
13602016978
13803000842
13821123887
13702066612
13652045584
13652104201
13821236498
13820158266
13662105430
15922286661
13752049188
13821217758
13820310383
13902133782
13920344285
13512847726
13802178624
13682169931
13502196929
13920834200
13820861591
13642170522
15922002545
13602009091
15900350842
15822689051
13920488787
13702016388
13821909400
13820839180
13920675656
13820080534
13821569818
13820482515
13820551813
13820108382
13802104560
13820313233
13622078900
13512243567
13821021551
13902122802
13820209289
13512213611
13803008407
13821072919
13920569649
13821616631
13752691401
13820295888
13821669550
13821851009
13920030512
15822166396
13920390423
13820788188
13820997085
13702095884
13821069735
13821008853
13820850449
15922278640
13820842512
15822750965
13821958575
13602193788
13820968740
13672163706
13802016398
13820386756
13752319110
13612169393
13752256310
13682193106
13920113921
13820600160
13820490811
13702189890
13702121002
13920096409
13821200743
13821082399
13820609882
15802257058
13821328073
13920355803
13820056191
13821246388
13516209738
15922228606
13512845046
13502079830
13802045879
15822764520
13622024242
13602090650
13752499820
13512212217
13902147270
13920546969
13602138510
13682158889
13902164911
13902153335
13752573728
13821292053
13821906885
13821516624
13821654136
13752743298
13920202500
13821362648
13512053323
13752535151
13920198369
13821956388
13821955566
13682028826
13821600850
13820866108
13820677777
13920087331
13642089050
13821138523
13512079318
13920188838
13920108583
13502016048
13820096288
13821742364
13820716858
13820186028
13820787871
15822069907
13502004596
13821441670
13902041507
13902005119
13803033325
13752304838
13516136652
13920971777
13622142168
13802116641
13642101569
13821529138
15822461610
13920212298
13821688055
13902162880
13902122551
15900207431
13752418568
13820448329
13920825876
13821036752
13702148559
13902069261
13821939196
13602186918
13920173806
13821901798
13672059138
13920699048
13821777655
13662071285
13820037882
13502029679
13820159366
13512456370
13702190673
13752007988
13821217266
15900319437
13752253660
13821223490
13820661689
13803019005
13820291958
13622127350
13802074160
13662146595
13920582066
15822606462
13820372771
13920661598
13802066212
13902077709
13516137799
13502122125
13702133851
13820450567
13820955593
13920159788
13821186783
13821209263
13803083838
13902059126
13821660889
13502001608
13602012853
13920600278
15922235218
13803068357
13702068216
13821238677
13622169900
13752554519
13672013460
13802027828
13902041191
13602079198
13821300998
13821833629
13752501212
13821063282
13602100823
13920510356
13612150088
13820910308
13902126428
15822933060
13752779886
13821560892
15822466477
13920820868
13502136035
13821669792
13820929876
13902179156
15822331365
13820987880
13602110057
13920937978
15822574297
15900290705
13902036892
13902083466
13820859858
13820782673
13821931058
13920063870
13902175522
13802077559
15822360711
13612101197
13820686886
13820982510
13920503631
13820018505
13752227633
13803056089
13821195119
13802040315
13502187847
13602094210
13802136673
13820587003
13602023073
13820808016
13920689599
13820983283
13820099908
13821234078
13920155757
13821230425
13820633376
13920336608
13920500610
13920059978
13821220792
13821182158
13820640131
13920431999
13602124353
13820029686
13902053369
13820728566
13920803510
13821360850
13802169652
13820828833
13820968233
13920816997
13820641150
13820286505
13516128928
13820067118
13752565122
13642148650
13920811111
13602131073
13820338168
13820901786
13752562330
13902008766
13512000085
13920824458
13821079286
13820352787
13821633388
13602105461
13803046086
13502188078
13920397120
13516263570
13920086093
13702030003
15922158711
15802271159
13902004562
13820074018
13920217899
13920028991
13920299909
13902091580
13920090126
13820082588
13752339198
15822660036
13612098348
13802172881
13612034046
13820475878
13920843985
13702059016
13920138107
13602122089
13652109041
13902164892
13920519629
13902158308
13702076389
13803050409
13820606241
13802028855
13512229101
13512866625
13920130164
13920318687
13902027998
13902088759
13821034951
13920595423
13820751401
13622180707
13820083126
13920549396
13662130296
13821734277
13612073163
13821765988
13752335685
13821074680
13502005962
13920714890
15802209583
13821222557
13821016929
13752500001
13752198019
13820845881
13920687067
13752688331
13820687928
13512804967
13920037777
13920312090
13920214590
13920075127
13502191991
13920985858
13920089204
15902275150
13702154657
13920122238
13622045968
13702127235
13902138712
13920613929
13902086583
13821066679
13920787808
13902001218
13702027777
13802019468
13820506372
13820687758
13652026772
13920754781
13920005918
13802038126
13602156566
13652110967
13752282539
13803088869
13821903876
13803046566
13920038777
13920467011
13820843939
13512866673
13920057218
13820733898
13920298491
13920789378
13920537448
13512408848
13702151580
13752428388
13821165756
13820313451
13820684429
13752033088
13602105333
13821098829
13820919538
13512061829
13821481190
13820234558
13512246298
13752753801
13752479999
13642132822
13821874956
13602154571
13602082929
13702015858
15822112445
13821811120
13752113581
13512853648
13821968961
13820683641
13752359526
13802089080
13821596100
15900393468
13502117966
13612036916
13920425405
13820407058
13821257451
13821789666
13702180669
13512949972
13821972100
13820365263
13920222227
13821580099
13820381873
13752318532
13920229041
13802129733
13602183800
13820853984
13652048069
13902009201
13702012994
13512077103
13702048835
13920319855
13920321637
13821869526
13821523817
13820381367
13821917397
13642145136
13820738962
15922013197
13821912343
13920828427
15802275373
13902084850
13682042395
13902183839
13820261222
13672185168
15822083037
13702133777
13803000811
13920242792
13821774653
13920635406
15922060520
13672154496
13821515818
13820889651
13820578895
15902245611
15822298388
13821030338
13820980825
13602039791
13752253805
13902196062
13920585864
13920898761
13602008799
13752236936
13820200790
13920941415
13702110961
15822459873
13802106998
13752304313
13512486085
13682052207
13820802405
13821413663
13602080334
13802089745
13821262260
13802180905
13920963877
13820737110
13802124663
13802152939
13820219439
13920785102
13752575056
13702171609
13502109932
13602109092
15922183828
13820791352
13820485288
13902121807
13622113938
13820566901
13902091909
13821828019
13920815566
13752414396
13802155868
13820756298
13682119807
13752482383
13612116980
13622021000
13821797226
15922254291
13820495553
13502117778
13512211968
13820453604
13920868256
13902108903
13821291525
13821550509
13820563823
13802010965
13820502055
13920893464
13820556931
13502118818
13752198651
15822019581
13820056398
13821225538
13920346829
13820158195
13662037112
13920023787
13920530988
15822967898
13622114969
13820496061
13902015312
13803002088
13502081427
13820634768
13920457156
13920093309
15710273567
13662078971
13820789939
13821185239
13821599116
13820907970
13820382136
13516203005
13820537360
13612000200
13820607386
13820555669
13820672525
13902069813
13820281781
13803031701
13820126025
13920692688
13820876732
13902169998
13752627538
13821850567
13821036568
13820703486
13662178888
13642112559
15900390846
13682160337
13820062945
13752561887
15900297799
13920642771
13821817073
15822440837
13820041015
13821170288
13602155728
13502186516
13920446499
13902098518
13622139898
13602138878
13902198451
13920654349
13752093933
13702019410
13920916601
13516273409
13512033656
13752706805
13820747187
13622126607
13820052338
13752539991
13672086530
13702146833
13821985859
13512075999
13902063481
13516162112
13820725669
13920385533
13821833286
13821952388
13512023933
13752560881
13821462967
13920267799
13820366456
13902046055
13682125543
13821346948
13821040456
13820434765
13920022005
13902069810
13920398135
13516291908
13516267112
13512082602
13622110618
13752097226
13752544638
13920606206
13920818558
13502051822
13920585250
13652127282
13920937036
13612198231
13502106975
13512868869
13752265225
13920530342
13662161403
13612112881
13502027343
13752076440
13820945685
13821072029
15922172600
15822469357
13821272573
13820448376
13752552550
13821328366
13752568696
13902154793
13752100388
13920194628
13502109851
13652088885
13752724771
13802103788
13820912886
13752008133
13821807486
13902131818
13820550123
13622085989
13612058988
13821987466
13821197353
13820032126
13602051128
13502053562
13802090329
13512413998
13920828795
13902095205
13702167006
13642017030
13820532831
13920384930
13502006368
13821152299
13702007960
13920065794
13512451588
13612056304
13821593133
13702018600
13802000645
13803048489
13920477779
13920005323
13820605000
13820511888
15822510115
13821003321
13662147100
15802260477
13512012201
13820015911
13821191817
13820013905
13752252357
13820300937
13920229769
13752390831
13802039993
13502072186
13821250053
13920607371
13821892140
13662066244
15822161169
13652167877
13702098590
13820200049
15900212591
13802081524
13821635857
15900236685
13820032933
13820118066
13821819624
13682183100
13820515458
13820211530
13821281517
13920704825
13920651008
13821611859
13820790886
15822221083
13702007766
13902008219
13752590865
13820177888
13702084036
13672158619
13821261722
13820563283
13516160346
13512883158
13512065748
13821366156
13702021111
13902122433
13622195359
13920030449
13821467833
13821459888
13821057671
13662089456
13752015373
15900342375
13502051856
13920326653
13803062569
13820362045
13752136799
13502065588
13612112693
13820588702
13820266581
13702125372
13920255511
13602085574
15922162754
13672083570
13821088581
13752755999
13920116295
13821634267
13820969660
13820773468
13682047892
15822537300
13622153140
13602046124
13622194278
13512982593
13902033058
13902184043
13821186612
13802093048
13820779888
13752198877
13642157769
13820383370
13920408560
13820049981
13802096696
13820528066
13820857913
13702085816
13702063602
13612146264
13820881992
13802056172
15900277947
13820582227
15902212327
13602126969
13920560077
13622175233
13920919249
13902088159
13702169595
13821765946
13820350200
13516189425
13516200866
15922200883
13820905022
13802145314
13820004222
13602196698
13821785399
13920312269
13920373389
15822869698
13612017037
13652141867
13920909353
13820998607
13752586661
13920278873
13920007070
13820890111
13920826690
13820203745
13820480370
13920461067
13502019983
13502097033
13821826077
13821983429
13820139903
13821451225
13602194777
13752629915
13612088022
13802109057
13920757688
13502101750
13502073668
13820908607
13820588054
13821595326
13821676959
13920772666
13682131057
13752654255
13920341127
13902168168
13920701381
13920011669
13752228605
13602179005
13920791666
13902021548
13752040169
13702007118
13820671552
13902033658
13820588899
13512886287
13602075818
13602006390
15822501818
13752660700
13902191818
13821460533
13820807599
13920116661
13920381864
15902280405
13512958105
15922028053
13612123626
15822746243
13821622853
13920675858
13662066198
15822780663
13642021297
13820197498
13662199605
13920064568
13752342288
13820845168
13820471224
13821578811
13902060503
15900319658
13920930803
13752763810
13902131641
13820589080
15822971712
13821750172
13920972379
15802277556
13920030888
15900351533
13512217621
13820191697
13752201334
13821669261
13602105574
13820750008
13512913876
13803082880
13920275763
13652034382
13920072722
13820248898
13820413030
13920068820
13612139628
13920820351
13820681377
13502016685
13602042261
13752750655
13752455071
13702043858
13802093488
13820305082
15822661967
13920899821
13820600902
15902253040
13920458128
13752174189
13902171361
13502099736
13516189494
13820603668
13602060870
13821486823
13820504591
13752459252
13820700889
13820761022
13821766921
13820868859
13752307501
13920011102
13512921623
13920265637
13820779899
13502131288
13821912398
13821270481
13642028940
13702135860
13642175155
15922188066
15822012127
13682088875
13902029330
13622022618
13512274180
13820375001
13502009135
13820791995
13702171462
13612089850
13752127507
13820298511
15922138113
13920553655
13820879339
13920299958
13502103732
13662167855
13602046222
13920666826
13920381617
13820833331
13752613481
13821613928
13820668555
13821850763
13821961515
13920817108
13803026113
13682141783
13820503666
13682013780
13920378422
15802246186
13820314687
13502198597
13820232995
13512913366
13752468526
13622003669
13920821921
13902169565
13702170707
13512940225
15822362100
13920452462
13512405995
13512921886
13902188244
13820905669
13752670775
13502138387
13672066718
13920250920
13702026002
13820284242
13602018896
15822605074
13820888720
13602121385
13821922528
13820701318
13502109335
13502010025
13820750685
13602001935
13502123547
13920264945
13920000165
13502045375
13820378865
13502132051
13821999885
13820095810
13821956728
13512987687
13902041515
13821000764
13920572885
13820383069
13821103376
13820956880
15822573200
13502045212
13820639456
15802244344
13821915160
13803045543
13802105188
13821245750
13802188357
15900229508
13920110569
13803035476
13820222977
13512497738
13821379685
13821396922
13702020004
13920551967
13902019503
13512923950
13821839359
13820992729
13752007660
13821002207
13512908513
13820988523
13672037777
13821305797
13502028179
13821452611
13902130152
15822233789
13820650901
13821271300
13920008766
13821944221
13920022995
15822416059
13820953197
13752250348
13920058879
13820927452
13820993001
13502175386
13902119211
13612070225
13752141418
15822398698
15822797234
13820086974
13920003286
13920415000
13821128169
13820163166
13702051563
13612028582
13512468277
13512499655
13512073445
13642195136
13821363573
15822047246
13821210485
13820268618
13920607667
15802202560
13752325255
13802199535
13652033654
13920389171
13920985024
13920222060
13920198977
13821477888
13622119734
13820359243
13920447470
15822149933
13502147305
13802138120
13920193305
13821572666
13802182838
13752398625
13902148320
13820196450
13920941365
13602049697
13920134979
13820689700
15900213298
13820999865
13902028190
15822652938
13652188578
13920263399
13820459243
13752591530
13820361409
13920506888
13802103109
13821952017
13602159698
13821916699
13821103131
13752006981
13821189203
13642060365
13803087030
13821822068
13502127526
13652010254
13502026305
15802218557
13920388378
13652150999
13920100100
13602028026
13622051738
13920823599
13820125883
13642154716
15822160898
13512057546
13821530489
13612062929
13920915019
13920088420
13672040670
13821019854
13920287685
13602055918
13512902988
13902157766
13902189550
13702188821
13820606717
13820825555
13821760306
13820120856
13502015815
13820900780
13902056671
13702145681
13802121800
15902210066
13642079909
13752489335
15922093876
15822837684
13920123057
13902038281
13920153271
13512446581
13622189876
13820999309
13652067688
13702130069
15922138881
13752616450
13821110080
13752300508
13820582884
13920212212
13820472006
13820739636
13820301149
13821232079
13820559980
13820498750
13920160469
13512429229
15902203838
13512057871
13821529040
13821207027
13821779888
13821155716
13602007473
13902037522
13920083376
13821224466
13902082809
13820369967
13803086996
13752261199
13920851500
13821207819
13512286859
13820888585
13821578880
13902130060
13821830775
13502091000
13920965118
13662176918
13502058729
13920192925
13612131288
13821922726
13803033066
13820476705
13920095158
13802167660
13820366466
13820788063
15902271656
13803015006
13602000308
13920455872
13902099965
13752012855
13702135157
13920102921
13512912346
13820258946
13652070222
13920809576
13512411430
13820567238
13902179022
13821617104
13820082356
13512465310
13602145554
13512288828
13502103476
13920464463
13821500809
13902076201
13702039241
13821552687
13512903538
13802007018
13821797477
13902081901
13820317078
13820159826
13612062828
13920805486
13820632662
15922137041
13602015826
15900212796
13803059845
13920474928
13920748101
13662096628
13820228595
13820299871
13920548991
13820006024
13752780729
13821139925
13612120894
13802118249
13802158683
13612142849
13512950568
13920917719
15822761324
13702127869
13821575604
13802145756
13602023630
13752209065
15922233577
13502121682
13920500707
13821266003
13702184606
13920913133
15822254256
13502106171
13920874178
13820205091
13752027732
13820301055
13920480836
13820050883
13821301865
13920828899
15922015968
13820887001
13820462233
13512803457
13803096225
13820440828
13702158892
13752644338
13820729688
13920424416
13512018288
13682193560
13502016560
13821540100
13821900026
13820248816
13602135247
13820738608
13516113465
13820856819
13672167669
13920599074
13752562664
13652184393
13821322913
15922050598
13502114958
13752700570
13752738178
13752196699
13920438902
13820266992
13820680923
13820854234
15822651710
13502065953
15922116201
13642071561
13920435503
13902000784
13682111150
13820161898
13821682925
13920955191
13516189018
13752062800
13502097323
15922204950
13702098690
13920005232
13820367878
13902172216
13612056699
13803007511
13662120114
13752667920
13622125135
13821222002
13902077158
13920677976
13902062179
13752636153
13920399365
13702141002
13821081865
13820786668
13702171263
13502100628
13821098868
13682138635
13602150059
13821071006
13516183473
13821842165
13820536361
15822000277
13920393787
13920656603
13820265051
13662163000
13902131282
13802066696
13512014813
13602118813
13820757976
13752113344
13752607376
13821272227
13672148423
13752519947
13820890337
13502143951
13821883959
13821238770
13512800222
13902177726
15822664584
13920856590
13820248777
13820556998
13752185215
13821161028
13820888765
13820388237
13820947558
13902184020
13920007108
13820087900
13820683882
13752221966
13672090560
13602016393
13902145932
13821058985
13920558601
13920120217
13512823333
13820088080
13920925896
13821254410
13752490273
13902027182
13820659739
13752111319
13682195999
13602166555
13512405058
13802079815
13821020324
13802081978
13821612327
13752450856
13512895567
13821103351
13920936285
13821201170
13920822813
13820991095
13821188782
13902092655
13512879819
15922180604
13920255861
13802006895
13512070033
13612181901
13820436064
13820534276
13502029787
13502042399
15902233283
13821892799
13920011129
13752581321
13820710528
13920717835
13642061199
13752218007
13802000030
13820020623
13820626065
13820581281
13920526431
13820172600
13920029509
15822559939
13672161642
13902151233
13820685826
13920366073
13752118029
13820813181
13820731515
15922050602
13821171908
13920709552
13803068810
13821266608
13920653020
13820995547
13820898359
13752264559
13512893291
13821968168
13820787777
13920375595
13702002358
13752716878
13821375769
13820989608
13672189468
13752234954
13672094617
13920861917
13752354323
13820728306
13802050869
13820155618
13602016023
13920197733
13920802119
13512058830
13622023620
13920234473
13752700311
15822698725
13920099532
13920669940
13820872592
15822379032
13512930863
13902189600
15900227991
13802092805
15922080146
13920905555
13820560610
13821662417
13622130055
13702049319
13512285480
13512055120
15922035920
13502198968
13752130582
13702087677
15822971155
13612036782
13820561568
13920045392
13820753485
13820800087
13602018800
13820906438
15822154075
13821588518
13602019484
13821538831
13820827986
13820336608
13602195505
13820597059
13652037763
13920782006
13752729108
13702177470
13602181218
13920740719
13820144640
13512848555
13502032588
13802146857
13821581003
13516151771
13702161483
13902162200
13920062651
13752023573
13612072037
13920568043
15822868533
13920111735
13821296455
13820831161
13821560944
13602169236
13820000972
13622176161
13502033517
13602100843
13662181163
15922252916
13512984451
13821151131
13702184223
13902101191
13802011616
13803003005
15922082582
13821483452
13512276456
13920879319
13902126767
13920809999
13662158878
13820121398
13602076624
13820919294
13821988988
13920911446
15900286595
13652113126
13820369717
13821614053
13512801786
13820050725
13920825335
13920596839
13752350755
13821203598
13820642845
13821113418
13752022019
13820332789
13820886306
13920321523
13821440628
13821615788
13803028765
13821797431
13662158658
13821995841
13820261882
13821439323
13612023627
13752737699
13802174756
13752783500
13702090605
13512279090
13821000720
13902099912
15822623067
13820083002
13920116009
13902159199
13820665735
13702040901
13821326726
13920356638
13820878828
13612090508
13702079596
13702101513
13920073565
13612087761
13820043309
13652189732
13820047920
13920002791
13821458163
15802244995
13821932966
13920853256
13702067873
13602138305
13752208940
13821379242
13752698866
13920378811
13920002680
13752557351
13821685837
13752509228
13803010315
13821126858
13820297618
15822910566
13512802768
13920114498
13820046972
13920416605
13920413275
15822447232
13652073036
13516129226
15922184226
13920105256
13902155092
13821388713
13752765902
13920561600
13820859879
13802009696
13902153535
13752032163
13512039886
13821612100
15900262934
13820389887
13920089970
15822864253
13920873302
13820308650
13820628801
13820522047
13821918365
13821555101
13820420349
13902163535
13820591693
13820029982
13820609896
13920348379
13820157458
13821828135
13702049459
13802002899
13821033883
13752069588
13820100475
13662110080
15822111404
13516104976
13752513666
13652036564
13920663467
13820966625
13920092248
13602177609
13920662918
13902153585
13802122558
13652070988
13820584567
13752708563
13512004978
15822457000
13502028967
13516100911
13752513181
13821740836
15822001213
13652178543
13512841351
13803012631
13512243806
13820650823
13821891201
13516139025
13920330204
13516189810
13821001988
13652181918
13752518789
13516219849
13752595515
15922143965
13752590838
13902055294
15822911612
13802015888
13752350767
13752452027
13820661776
15822621117
13512059985
13920194480
13920892321
13820125315
13902175678
13622001106
13920176969
13821634589
15922005864
13802119426
13820037400
15900218787
13821406179
13821866091
15822906993
13821125563
13821089559
13820918929
13512477529
15822853088
13902008303
13820723672
13821250065
13820209418
15922234388
13820477711
13512407187
13821635685
13821040941
13820521368
13602174966
13512095960
13752468977
13502007340
13821615951
13920206229
13612165706
13821395014
13512908895
13752778976
13512219351
13652182435
13512851296
13512222127
13752305731
13752123554
13752190699
13602117488
13920486812
13702119726
13820349829
13662198563
13821389699
13502058726
13821107989
13821500206
13502121718
13802197939
13920055895
13820948889
13752233789
13920785430
13702154653
13752643674
13820983037
13802124616
13516179853
15822153207
15822152686
15822529626
13920378679
13802118133
13702158209
13752058199
13820662836
13602123090
15900239362
13602010222
15822757579
13920248960
13920847155
13802045505
13920731829
15822149599
13821216806
13702037723
13920638804
13802175382
13802079933
13820073750
13602089575
13821823856
13920446583
13512909843
15900364715
13516115339
15822424025
13752369190
13820498106
13820867721
15822492226
13820566296
13920058675
13820098642
13512019987
13920853681
13752601686
13821380344
13642102881
13920753527
13512827029
13622160853
13803040279
13821150326
13820219306
13752000682
13752523985
13821669833
13920646991
13821489336
13820728729
13820291086
13512061111
13902192909
13820752807
13752559460
13702163478
13821001319
13902063088
13602075415
13820162515
13821389365
13516197631
13502011121
13602037011
13821012696
13920381320
13920024438
13821308672
13820861300
13920278343
13902100535
13752776696
13662014005
13752759717
13752107782
13512484626
13821258820
13920032608
13602007518
13821911818
13672113865
13803000111
13920890801
13820726331
13920857282
13821047651
13920998917
13820874993
13612081645
13820526623
13821687835
13752292236
13622187177
13820733990
13920973302
13821699860
15822297795
13802010275
13902146356
13512431139
13920050709
13821102525
13642145319
13902059056
13803002432
13920564269
13920360339
13820682491
13821089269
13803041480
15822166646
13920425423
13803083389
13820082160
13820996589
13820071818
13803032680
13652000968
13820685567
13622092567
13820035159
15822985950
13702198399
13820112978
15822111203
13920906666
15922191617
13752007180
13821043963
13821178955
13821959568
13512499091
13752580302
13802122742
13821575553
13820583216
13820895885
13920606988
13502121307
13512977711
13672058905
13820313998
13512908733
13920693311
13752272613
13672118431
15900320170
13502066656
13642019591
13512211618
13821979979
13502168136
13642061277
13821766387
13821680890
13803045131
15822690498
13702160166
13512276110
13512067748
13902143558
13820909196
13682078866
13821613788
13682171662
13920841714
13820337238
13920330926
13821570698
13820241751
13820280944
13920388560
13920091909
13820187830
13820525218
13820361795
13672118569
13642014763
13920409182
13752278207
13821379388
13802180533
13920007636
13752351123
13821049861
13803083055
13652191281
13920470726
13702171816
13820086203
13702050639
13820259586
15822698210
13820385155
13622027279
13902043325
13682128222
13602169067
13920014690
13602184990
13920581172
13902118706
15802267975
13802121193
13702113852
13682064181
13516117930
13512480549
13820559608
13820000504
15822889343
13802097616
13821839369
13820992002
13920303291
13512298286
13662161490
13820765555
13652033314
13820688669
13602151189
13752168789
13752017763
13752211803
13820299889
13821538243
13902017155
13820898074
13821770011
15802260611
13821926336
15822323557
13820644321
13502181828
13820805299
13920608725
13821115278
13902188907
13602078659
13502020172
13702165759
13752193808
13820686909
13752504415
13920559766
13821102270
13920609453
13662043821
13502163209
15802291167
13920983335
13752589789
13902133299
13612120656
13902102678
13820966543
13820899270
13702040676
13821998887
13821294489
13802155679
13821463168
13602001811
13752512984
15922020172
13820371553
13682146876
13821075161
13920162060
13902068060
13821239785
13502126959
13821273959
13920011767
13821602202
13820461612
13502013266
13902192431
13516105427
13502066980
13820638064
13902039020
13702006628
13512255896
13821586629
13920628302
13821881935
13821063346
13602118096
13920546888
13920421111
13920413726
13821836386
13820902318
13662113377
13752222399
13752763572
13821385117
13821013143
13821791390
13803066018
13820789650
13821207299
13821482667
13920815906
13902147211
13662049906
13920106606
13820820897
13821135145
13802158646
13820672272
13820911700
13642158660
13920441916
13672001466
13602085638
13516179667
13920622918
13920438887
13902118284
15822123422
13920469263
13920473981
13752505749
13902187306
13820783273
13802029898
13802059641
13752511593
13820491199
13502047845
13702153856
13662130234
13920013549
13821018889
13662161221
13920293206
13920020800
13821324895
13920328750
13902032603
13662164736
13820622856
13820922720
13502189060
13752273878
13622037466
13820641888
13920196775
13821576457
13920423072
15922060544
13920114762
13920536936
13502092739
13662181762
13920375406
13752354099
13672177554
13920781767
13803069034
13920677777
13702073486
13820853232
13821632485
13752123751
13820600818
13516287777
13821191339
13512009636
13820012353
13920787756
13821519768
15922170593
13920413258
13821618905
13821016028
13821178370
15900318181
13662100898
13502132131
13821277707
13920111588
13821242686
13920635568
13820686996
15922081423
13672064246
13821161000
13602036296
13602073297
13602007395
13820988430
13803085333
13920808811
13802100765
13821066966
13602043237
13820049230
13920817579
13502027767
13820143648
13512916649
13642004266
13920002955
13820092848
13902121665
15822610832
13821913389
13821791587
13920450659
13502182710
13820877696
13803042554
13662182095
13920537859
13821601688
13602118413
13902075649
13920667908
13820192017
13902041126
13622128231
13602182439
13821712311
13920015020
13752245583
15922251953
13920265999
13672164968
13752731883
13622078168
13612199373
13902183956
13821676166
13821583335
13920535668
13682151113
13702131717
13512806366
13820929227
15822002296
13652040915
13512839108
13920961345
13821823814
13652004693
13920831832
15822096241
13820506547
15822511187
13820775566
13820334068
13821052068
13821008793
13920272789
13920882700
13612067147
13820689997
13820481156
13920346954
13821774042
13920279605
13920046565
13820646790
15902211590
13902081600
13820899186
13820968835
13512956594
15900236688
13512913365
13820901018
13821797088
13821561961
13502039228
13502118682
13920402233
13602000992
13702101447
13502101644
13920269046
13821886112
13920636338
13820482601
13602127062
13622066833
13702012276
13902038587
13821956177
13752161001
13602137723
13602101098
15902270251
13821737629
15822505276
13920094158
13802101098
13752745518
15802251111
13702118889
13702177020
13821628105
13662013626
13820871770
13802012666
13821212052
15822345348
13662066935
13821966582
13752400648
15822237085
13920061282
13752132809
13512234040
13752429188
13516159540
13820679220
13821170606
13821112392
13821049377
13602091023
13672071163
13502055215
15822789362
13802175296
13902117030
13820004047
13512226656
13920361313
13920218405
13821825127
13820281599
13752161656
13512239634
13920252510
13820901414
13820026496
15900299840
13512437871
15902261531
13502084000
13702067000
13516175750
13920922830
13920931967
13920105179
13702012121
13820001816
15900387910
15822992043
13902137538
13920346699
13820284184
13516161049
13821250013
13502167896
13512486870
13920350863
13502033105
13752545503
13802036089
13820624785
13821740546
15822574516
13512958632
13820294487
13920324071
13820128661
13702125365
15822852042
13752205161
13820310775
13820258884
13602186677
13821062821
13702119367
13821998585
13820231642
13821182572
13902108284
13920963403
13902117115
15822326880
13702051225
13820795305
13920751766
13820187381
13502070600
13920776015
13820817991
13820929063
13752582270
13820684437
13516110582
13502123517
15902285399
13702019149
13612067776
13821311127
13920026017
13920056545
13821226424
13902009843
13821687186
13702078087
13902106268
13752050848
13820660189
13920987995
13920264848
13902174212
13820531289
13672150598
13502173130
13602058183
13902087967
13820045583
13920470948
13820124296
13612189711
15922009823
13821226086
13820736030
15822588833
15900214377
13821310297
13622130277
13920762663
13821943999
13512024742
15802217839
13622151656
13920055556
13821175066
13803011420
13920551135
15822070060
13512202557
13920810379
13821735412
13920449418
13920098552
13752406781
13820252718
13820607955
15900390455
13920492447
13752375878
15922127044
13702197358
13920912444
13920055855
15922199858
13702109898
13821113572
15822986973
15902269561
15822393721
15822087066
15822767861
13642035646
13902032499
13821073829
13821043322
13702077984
13820382592
13820671719
13820087018
13752298550
13512082331
13920911400
13602026601
13502167218
13920705357
13752717516
13920027092
13820132157
13902078875
13516122283
13820329658
13502183138
13920067051
13602033933
13662124146
13752201139
13752041799
13516134179
13642133044
13802055718
13820276567
13820039888
13622186390
13752365157
13752659203
13902092620
13820863938
13820685950
13821180765
13820726885
13902168169
13920715505
13702054027
13652185861
13702051216
13821806678
13820526739
13512069532
13821300186
13920494938
13920607487
13502190280
13902183213
13502186585
13920548102
13682195561
13821552007
13920018510
13752000721
13612117636
13512207162
13502011145
15822894559
15822338328
13602025595
13602021368
13602084636
13512092277
13821181385
15822226778
13602084336
15822920670
13820768830
13920954441
13682199054
13821484949
13820981868
13612003232
13622001686
13820429823
13820083130
13820995608
13512821628
13642061348
13752219224
13502069729
13820211364
13752602658
13920530111
13512424932
13920426522
13820441066
13821466406
13642046113
13920392794
13920095464
13702152610
13920842000
13803075608
13920125696
13920363200
13820600182
13802018171
13702079291
13652113332
13702078435
13516103658
13502132120
13920887040
15902220370
13920108719
13920351185
13702077778
13821819441
13920400539
13512228445
13920395050
13821021879
13902145280
13622097771
13821202929
15822992357
13820736466
13920032904
13920830229
13820266158
13820323656
13642112089
13920973516
13622029399
13820062112
13820754980
13821481978
13821021011
13802080001
13902000471
13820874132
13820309115
15710216151
13702125131
13516116005
13820005771
13512822220
13802032353
13502181421
13820755866
13752737498
13902062468
13821944785
13820075005
13820643185
13920584692
13802077799
13820976293
15822846999
13752000025
13602012805
13821053672
15900351335
13820866885
13821124897
13920260005
13920517892
13920835428
13502007100
13920325457
13902062399
13820300182
13602088816
13920919431
13672121233
15822529831
13821798999
13821027242
13802108282
13821686285
13902000233
15902272881
13821129876
13512449288
13902027968
13512210990
13920955108
13821915321
15822189957
13820602836
13682186618
13902148606
13920463600
13920231696
13920355216
13920754854
13820001994
13821659402
15822260318
13802065556
15902240790
13702071108
13821128440
13820233316
13821389993
13516113056
13702001811
13821156199
13752797981
13821233147
13502128975
13752384628
15822814769
13920305899
13502099772
13902010002
13920238883
13502020520
13502007294
13752189268
13820388844
13752577437
13702162067
13821637925
13802060977
13662182069
13820701303
15822408710
13702003303
13512027523
13820572339
13752009518
13821925150
13820521516
15922136026
13920731530
13920898052
13902166287
13662165834
13820850620
13602078123
15900207366
13502133286
13820230127
13821728616
13821436564
15822278019
15900351300
13802007661
15900313339
13672143602
15922041579
13902101869
13821136276
13920182068
15922159562
13821365391
13512842177
13821266788
13622178650
13820099805
13920719727
13820031905
13920612500
13820991939
13920182618
13821757593
13802095696
13516216639
13821830066
13642065599
13920478752
13920162099
13602002279
13672098266
13920817708
13820413456
15822076626
13820902156
13821847333
13702004728
13752009882
13920074433
13642163564
13821068728
13820423960
13652007584
13920897938
13821522478
13502130078
13820134822
13803002799
13920272410
13622194206
13821360909
13820982818
13802007701
13821839396
13820426277
15922128248
13920333486
13820036558
13821112710
13902186800
13662062613
13920348090
13820328938
13920321759
13920404579
13602001438
13902047779
13820983218
13821873477
13752334072
13516138826
13920098536
13702096759
13512098087
13512079303
13752727768
13920680495
13752305975
15822396878
13512800438
13902138380
13752349515
13821386062
15822940369
13920456900
13920355936
13821813206
13820236458
13820186581
13902028716
15922053287
13512803833
13820646030
13752451270
13602013964
13821166053
13920108572
13920539576
13820819047
13920888615
13820098880
15822656314
13821479683
13821115640
13820051170
13820076519
13622055815
13702030201
13820321157
15822465827
13702118900
13502110643
13820461283
13752278937
13821188800
13821078987
13902017271
13820413321
13652168457
13920412564
13820620091
15822669355
13821123969
13920968481
13502035208
13820131381
13752293617
13902000344
13820980868
13622128186
13821629314
13821016808
13821990393
13512911018
13902075947
13752177720
13821117966
13752246288
13512484252
13920471637
15900346127
13820837171
13821806120
13652035080
13516103505
13820899114
13820972211
13752628746
13821929870
13821022899
13612056898
13803045711
13920012939
13602083158
13902086277
13820432000
13702163579
13820975028
15922115326
13920024756
15802212216
13920889316
13612180953
13920292797
13752609256
13920890676
13820851888
13752076731
13920808990
13820882257
13820851178
13902142288
13821531870
13920059999
13821855021
13702007276
13820721126
13516145063
15822992100
13902171756
13602143892
13920059259
13516164704
13920789060
13820190495
13821781307
13820596083
13820223228
13502109423
13602018678
13752250670
13652152292
13820086105
13920381311
13920849677
13820229520
13920638878
13902043109
15822001476
13920649386
13820960831
13820981870
15922195555
13752068487
13920613588
13821593566
13512804550
13612031725
15822086123
13602124255
13820000817
13820608856
13902174337
13752215845
13920156526
13682199172
13802010015
13652109288
13642173395
13820792295
13920956581
15822403646
13702002580
13502015292
13902067109
13502022186
13820193986
13821823200
13512887882
13820939908
13821791906
13821312218
13820945139
13820458625
13902088896
13820820531
13920625763
13820986567
13602009518
15922241718
15902284999
13662198222
13821649858
13502107519
13920247442
13652126600
13902053760
13821448708
13502061930
13752518338
15922288038
13652002639
13920137799
13920425125
13920913395
13682177911
13920829933
13821976937
13502038286
13920979978
13642190066
13920455019
13502081861
13803057110
13920469998
13702146599
13820875666
13752231609
13821733036
13502142973
13920315599
13902009827
15922202837
13902019782
13642099918
13802047918
13821255447
13662039399
13802104034
13702056174
15922229880
13612120361
13803007219
13502060299
13672025567
13821846553
13820862968
13602018787
13803085277
13752450269
13516181862
15822711174
13820524299
13902065621
13752622376
13662066299
13820294567
15822463579
13602150028
13821679999
13820980851
13702115566
15822366347
13512279900
13821151272
13820406063
13502094692
13516248130
13516137873
13920276361
13702190808
13662165785
13920793368
13821003300
13702195347
13920919695
13920476464
15922102869
13821169648
13512861359
13512286112
13802195050
13752081560
15802275818
15922150896
13820337088
13821372290
13920363608
13821527638
13821977540
13820029098
13803011053
13602193071
13516240825
13612199088
13802139176
15902233768
13820129696
13502036828
15900205763
13902134648
13516215808
13902033986
13820561787
13920633359
13902146565
13672066066
13612172368
13821080884
13821825685
13802072486
13752589129
15822055389
13820668297
13820151095
13820616490
13821088799
13820520869
13920993633
13820080471
13902127005
15822953623
13820226881
13821448670
13702189685
13802156948
13820321858
13612199443
13821396029
13622079606
13820401744
13821416600
15900232626
13672038777
13652107788
13902105205
13920806243
13820636393
13821530398
15902241800
15900200995
13920299688
13821763581
13602045133
13920397604
13702058618
13752684263
13820756690
13702065191
13821597234
13702023938
13802010958
13902060369
13920069565
13920091238
15822961382
13920297578
13752061954
13752560208
13821275896
13752546741
13920904844
13752682156
13752243013
13920810493
13820582652
13622109526
13820201382
13602169460
13821662801
15822066251
15900338819
13920808689
13820736315
13821655586
13820547599
13820589822
13902072857
13502152989
13820399996
13802169916
13920761299
13672112750
13920479489
13820787803
13662191119
13820521008
13920766883
13821598693
13820799999
13902025369
13820431062
13820851981
13502051207
13602009235
13820588162
13820174430
13820817073
13512064581
13752501119
13821048888
13920296588
13820246208
13702090555
13512952198
13820527577
13516236233
13821155701
13662051466
13622105575
13920237763
13821031960
13920181358
13820579367
13516205107
13516166060
13512286466
13702160700
13502150556
13821760998
13820983208
15922154069
13920444091
13802124495
13920325586
13512800798
13612030279
13821312557
13821469109
13752167386
13821391816
13920479628
15822388286
13512256204
13642155880
13821526860
13820962266
13802113659
13752343839
13820117685
13752374842
13820397228
13920606622
15822754671
15822255383
13920774129
13502172766
13920785027
13920817985
13752793989
13920082909
13662150987
13820019185
13752620319
13902149888
15900318097
13902075617
13821882024
13652029928
13512479712
13752378755
13902070913
13821079680
13920450680
13820322869
13820966798
13821726589
13502133818
13920165788
15922226650
15822226896
13752508996
13920789525
15922274655
13920052095
13920167273
13642003556
13752608660
13752302011
13662130243
13821329691
15900396593
13920489928
13662157778
13821461111
13802038689
13502031292
13642002819
13752500056
13920555918
13821399229
13622096229
13920300119
13612108693
13702049932
13803013823
13602032567
13821403232
15922119840
13821571000
13920798758
13820368811
13702145931
13821685567
13802075887
13920351992
13821222136
13820764985
13502019532
13920306048
13820385756
13802098568
13821895771
13821681777
13920132224
13512040792
13920493222
13902075017
13820173501
13920290926
13820777713
13512884915
13920772677
13902126503
13820770724
13920440381
13821279938
13821991922
13820380459
15822807986
13821401727
13752389460
13820028965
15822113489
13821979685
13902089457
13821127950
13803040996
13662142850
13662038815
13502155327
13802066629
13820267056
13821766762
13802123880
13820359535
13803098006
13702152651
13682134332
13920858889
13821182060
13820988928
13821469764
13920539655
13821225302
13652016465
13821000877
13752483162
13821577244
13602015856
13820029906
13752149495
13821050525
13512237486
15902284597
13802084336
13502068171
13821948655
13920123210
13902045118
13512966791
13821382955
13920060264
13622123336
13512488808
13752736337
13820980993
13920497211
13820483344
13821964564
13820612838
13821000952
13821752536
13902189889
13820072178
13820216827
13516100122
13920874232
13821799452
13920370101
13672137060
15900203338
13920419998
13820265801
13502061118
13702033191
13682061258
13602155306
13920605903
13920022966
13920155521
13821959120
13820687963
13920136330
13820469208
13802167167
13902113365
13820304027
13821554656
15822414570
13821222909
13820130066
13902014501
13752124622
13512004961
15922194562
13920259364
15922291727
13752380265
13820196646
13920598988
15922203978
13821276663
13920245832
13802160333
13612183009
13920516875
13682098899
13821509716
13821375747
13502099359
13820245908
13920804972
13920431064
13902090418
13920331743
13602030898
13652135967
15822415520
13821319685
13920885606
13920566829
15900382523
13752582200
15922232520
13820186058
13920098881
13516229523
13821949729
13682116955
15822160181
13802015686
13920685839
13702172499
13502022233
15822189517
13612053396
13821065160
13920492908
13821281585
13920090508
13820268403
13902098722
13752090559
13821855551
13512086602
13820295506
13920699573
13802190497
13702012578
13803041005
13820725589
13512439401
13752199595
13752284320
13820730988
13752080078
13920563857
13820980908
13512906528
13821623729
13752153490
13820402496
13821341020
13820110857
13672067800
13820876888
13502160201
13820451981
13820005129
15802288288
15822828508
13803066302
13512883886
13902109903
13920498505
13820848262
13516252331
13920105801
13752009391
13612045880
13821218268
13920322968
13516262234
13820201054
13820661186
13752715155
13920000446
13920704069
13920429983
15822429609
13622168362
13802160821
13902155018
13821818617
13702146570
13612145631
13902084479
13702010608
13920666631
13920257848
13821350559
13612050710
13820091525
13820782968
13512046216
13902186692
13820480605
13752072661
13612135274
13920868833
13920151492
13821139305
13821900677
13820954932
13821882509
13802011231
13502097336
13920474819
13820490731
13920257296
13902106926
13821224465
13512477388
13920591518
13920983598
13622068208
13752029446
13920726965
13652121150
15822298671
13920497915
13702144072
15902257952
13512998968
15902278803
13821029687
13502020293
13602015380
13821669582
13752221832
13920480168
13821123115
13902108977
13512090969
13652096542
13512883833
13672001815
13602173516
13820895269
13652109839
13752008210
13820688600
13642078725
13820853395
13920461611
13512002344
13512874100
13512271804
13502100058
13752008780
13821436842
13820480782
13920827002
13702143617
13820066510
13821602888
13820153520
13803077285
13821533117
13820415869
13920318803
13702170760
15822757481
13612141987
13920203649
15822338079
13803023602
13920259145
13820268330
13502001649
13820085400
13920814390
13821913163
15822227033
13920458072
13752590271
13642061673
13820838471
13920889596
13920775858
13820546452
13821317957
13920683296
13752793188
13702148164
13512249783
13902101938
13902133318
13820878498
13752221552
13920521492
13920579864
13820408000
13820511808
13512082855
15822332786
13820437773
13502111029
13820762195
13702067276
13820670258
13752228768
13821598089
15922170857
13820775106
15900381816
13821116333
13821388233
13803061658
13672051665
13820597888
15900265384
13821136388
13602119072
13602029287
13920093516
15822471049
13642118555
13752172552
13902133876
13920207710
13821607915
13920278337
13920904125
15822947348
13602119268
13920801339
13920416842
13920166601
15822972163
13752760877
13821202758
13752502268
13821226032
13920745238
15902249533
13902036259
13802095136
13820770987
13920228522
13821093646
13821269556
13820586600
13752700792
13502103710
13512261651
15822108082
13820717185
13920108070
13920881439
13652047007
13682091053
13821192164
15900291697
13602172820
13662062889
13512496608
13702189551
13821817888
13920000309
13672030133
13512009653
13512207666
13920417706
15822733733
13820249936
13502095653
13902158269
13516145452
15822924250
13602013051
13802005659
13820471654
13920763281
13920228501
13820781042
13516124319
13902109705
13920861988
13512404073
13902116717
13820768636
13512440988
13920675786
13802053770
13752698010
13920125082
13752325481
13920915399
13902066886
13821088072
15902288099
13820900710
13821905510
13502020162
13662196016
13821800288
13902121081
13602173967
13821005177
13622072999
15822464392
13752709748
13920109348
13821987028
13622111657
15822227274
13516196857
13920295737
13602178969
13920380458
13820206352
13752177521
15822478223
13602121911
13920218653
13662063286
13642138065
13920811461
13821822700
13820388811
13902181656
13802065557
13820084171
13820916712
13920310400
13920944008
13672155859
13920361618
13820986000
13821271555
13920168008
15900381509
13821316361
13821283946
13803011442
13821662888
13652066399
13820528555
13662065143
13512914820
13820607108
13820353772
13920119204
13820548554
13821711616
13820617118
13512442632
13820483639
13502091378
13820600772
13502128505
13920837341
13602127788
13920403716
13672083697
13512986109
13802176888
13820805722
13512486818
13752698580
13752338158
13820209393
13821259360
13920267578
13902032188
13752709955
13920412316
13820082951
13820532300
13821646907
13820311187
13512808189
13820835698
13512064210
13821121975
13920327866
13820593215
13820958362
13820000831
13803044322
13920162823
13820160275
13820683388
13920153273
13820480156
13920417496
13821748127
13502116566
13820093366
13920899591
13821512077
13821749933
13512915932
13752036373
13821111737
13920918665
13920717759
13512085999
13902129367
13820582720
13702003531
13920291000
13920570698
13512058881
13821567777
13821005008
13820962673
13820179448
13902083103
13602189827
13672127282
13820261623
13752408088
13622102258
15822123313
13512287378
15922259191
15822141370
13821500066
13602103896
13820919499
13902022266
13821278086
13920558917
13752062753
13821303111
13502015061
13622166087
13602092432
13752029450
13512878204
13820297076
13821293456
13821212155
13820209886
15900324187
15922220058
13821470759
13702139371
13502129786
13622060168
13802081111
13902122366
13652098653
13820440185
13662185082
13516156555
13821383977
13920265883
13752333660
13820427068
15822946014
13502059169
13902021851
13662049602
13821159052
13920416317
13682133971
13682014768
13502110621
15822713866
13702130862
13920161741
13821985566
13920822694
13920487135
13920386850
15922152252
13602057251
13821735409
13920221381
13920318261
13516100532
13902006013
13902051459
13821288521
13820436062
13820990158
13820746388
13820472013
13820882256
13612009907
13602122220
13821124212
15900390330
13752222735
13820702508
13752144401
13820985055
13820865889
13902132186
13516151518
13820788973
13512277712
13612188123
13820555444
13820243419
13920108220
13802092825
13752195559
13902195298
13752377777
13662086937
15822529645
13821496133
13920811361
13502000158
13820371256
13802075665
13820572109
13821751044
15822996610
15822405880
13920105139
13820699051
13821944138
13820993465
13902071264
13920378978
13602001986
13502179498
13821161663
13662109977
13622126928
13820901668
13752633536
13820666378
13920412052
13672005175
13820089610
13802070622
13512836828
13821552826
13920616107
13662059366
15922136258
13702154938
13502081916
13920015702
13512988866
13821795833
13902071728
13512856771
13512483172
13920489166
15822088010
13920887829
13820632469
13821117628
13802116997
15922183168
13752535125
13602070999
13642148544
13902006778
13821188971
13920568011
13820767366
13920420312
13752766650
13821713336
13820331671
13920592079
15822957220
13502101812
13602113905
13820678089
13662156232
13821382157
13820583157
13821096953
13821668379
13702019700
13820983698
13820352800
13920398137
13682091255
13612121499
13821669711
13820485988
13802129519
13902070020
15902221927
13920688154
15922144940
13820486238
15712299005
13702050468
13820731189
13642004994
13752117085
15902273996
13820334872
13702152950
13820813283
13752090535
13602145650
13920424768
13920920907
13821996808
13820150000
13752707265
13920193034
13820312880
15922124634
13920675293
15822301519
13920093639
15822376305
13920846398
13820881645
13821681775
13820671336
13512801072
13920540124
13920344777
13821092813
13821229020
13702030066
13622048111
13512273442
13820381877
13516105105
13820164500
13820606128
13752250368
15922100587
13902153096
13702120420
13820273553
13920171919
13820008931
13920354612
13820901890
13502002392
13612167288
13821700556
15922036853
13752793824
13821024772
15822454447
15822161697
13612128922
13702018927
13821750666
13622125366
13920506368
13920186133
13512880516
13821156672
13803012070
15900366312
13821994669
13902015270
13802129969
13752319942
13672087789
13622186228
13502007284
15900250321
13820224988
13702078135
13920356999
13803070183
15822675988
13702072813
13920883799
13920781111
13820132066
13821716153
13821015720
13502133692
13821780588
13920491292
13821065781
13820199248
13920313406
15900269685
13602167782
13902066802
13902007374
13902168994
13821450971
13820729836
13502038281
13512018203
13820090321
13821138508
13820296695
13752535259
13902113897
13752576714
13920776205
13602008012
13920637878
13820588681
13820836918
13752575944
13662036278
15922230005
13512065986
13512405669
13902082031
13821166065
15822957468
13920429911
13820388079
13502074954
13902038256
13821771382
15822582191
13512062076
13821322780
13752502380
13920707088
13920085649
13920806557
13920818801
13820766060
13820790098
13902060777
13920193226
13502082108
13821190597
13820996892
13821365751
13821121866
13821587719
13920494966
13512996887
13652077514
13820562964
13920952588
13820611388
13672135734
15822254194
13662103544
13820284933
13821922888
13752532293
15822407939
13920605959
13802082666
13752358055
13672145717
13820612557
13652102009
13821263401
13512237029
13920127260
13752709889
13672158060
15900396915
13821188338
13622030786
13821206633
13642148056
13821901138
13612112557
13820902798
13820786317
13920196763
13820795260
13512082719
13752494332
13820219272
13820764129
13920521325
13502127326
13920626998
13821386730
13662076661
13702163933
13820023777
13821609020
13702082979
15822864777
13902043231
13752144208
13920486036
13920389186
13662081685
13902065686
13820593852
13821078787
13752686694
13702002759
13920673160
13502128471
13512455293
13920975393
13821319838
13821582660
13820805842
13820759165
13702130155
13802110166
13672166227
13920158668
13820344699
13821361355
13902018069
13821330687
13820872162
13902103481
13920609888
13820184717
13802053108
13920747276
13512067582
13512949960
13512001922
13920840962
13920900500
15900218139
15822334479
13752196196
13902023178
13920119199
13702102425
13902124879
13902028325
13920698464
13602032202
13920179155
13821970086
13622061722
13820896853
13821238305
13920774467
13602056898
13920013588
13821744644
13752317895
13622099128
13820323534
13821301898
13672133013
13502025107
13920687165
13820889806
13902178872
13682111266
13920867737
15822288189
13902189840
13920738903
13920076881
13652124103
13821658822
13652199997
13920101263
13512019879
13502176816
15900388636
13820798050
13802057675
13612048708
13752681110
13802046640
13920484733
13512065757
13821991056
13820088306
13820718888
13920465265
13902196199
13820267588
13920095670
13821449097
15900206867
13821451059
13612098155
13820880807
13902117166
13752458989
13820090138
13920252336
13821010228
13920508166
13672151356
13820689029
13512035591
13702160965
13821811278
13920647828
13820728309
13502147904
13902117818
13820931598
13752339962
13820671882
13820959327
15822936553
13820944151
13752693483
13820666641
13512005135
15822086629
13820294500
13752649587
13920575878
13502100334
13752173777
13821200987
13821597895
13920884368
13920551862
13602023638
13920988518
13920422478
13920828526
13821023926
13821108242
13821289896
13820698808
13602108991
13821061688
13920434562
13820260978
13821618798
13902129891
13802160158
13902111879
13902078885
15922147173
13602168974
13920067254
13820296749
13642076232
13821176719
13821211115
13752000709
13920967094
15822485754
13821930026
13821363658
13821268211
13821510202
13752056065
13821862355
13602065713
13682166256
13752269409
13802008011
13821690860
13820401188
13672048295
13820594639
13702083375
15902249795
13920992479
13821816519
13920232139
15822453702
13803005008
13821232086
15822225077
13662063040
13821284151
13820874559
15822898989
13502162245
13752123004
13702015430
13642082252
13821525428
13512260515
13902188441
13642197435
13702054561
15822047641
13820885011
13502108611
13802176891
13512923990
15822560390
13920860267
13820095555
13820082288
13602134699
13820893684
13602030002
13820908260
13502037885
15922226263
13820713162
13516128402
13662182857
13820339225
13820082300
13642017894
13820096733
13802151280
13821394777
13803063323
13920723280
13820134808
13820608982
13652190603
13821185523
13602145986
13702138625
13902164089
13820089972
13821740154
13920102568
13920922570
13820277748
13920702525
13920259691
13902162852
15900311626
15822739482
15902215086
13820900787
13752031062
13821117480
13920030009
13652105930
13752627028
13820913881
13672002622
13821460671
13920423992
13803016688
13821608872
13702027888
15522196230
13516184608
13652032568
13662001256
13642135409
13602050628
13612086750
13512274903
13602189041
13920236027
13512088773
13920971779
13821857006
13920529311
13821661977
13821971382
13512019575
13752154474
13802019920
13502072860
13821576844
13512948092
13752036969
13702036548
13512823254
13821216888
13820303729
13512480080
13662135668
13820887276
13602090777
13820260491
13920079255
13820227778
13920982823
13920669706
15822362323
13920682457
13512066197
13752795866
13920181566
13821810946
13512977152
13920052650
13821958158
13512459286
13702091609
13502065939
13920757183
13602127888
13516165007
13752037144
13821991158
13602058517
15922114125
13920983979
15900369035
13920078648
13512068223
13821619832
13512429676
13672175726
13902160619
13752065266
13752031813
13821108608
13502017667
13821553628
13803014336
13612021218
13752136418
13702012887
15822624916
13821114039
13672167720
13802063818
15822434238
13820353630
13752623470
13820265285
13820910689
13821090620
13920392819
13821463836
13752702078
15822378074
13512842998
13920024930
13702130933
13512054786
13920104500
13821697900
13622038888
13821002090
13820963695
13821686700
13672120123
13820871256
13512202216
15922121155
13902076628
13821811521
13920146559
13702089898
13920051099
13512063299
13821761112
13920346362
13920822537
13902053990
13602042233
15822313782
13516175899
13902160405
13652021329
13920202055
15822270031
13622010031
13902176000
13920389309
13902187871
13821832722
13652021799
13920495090
13802150672
13820179918
13662107733
13920728888
13820862497
13920939351
13752758817
13682189516
13502028062
13612167075
13512969447
13821160576
13642007349
13821856116
13821776246
13752281459
13820884580
13602103938
13821115776
13512084693
13803059830
13920100550
13622153286
13821810494
13820067934
13920192301
13821785688
13702197607
13502189512
13920965096
13652131166
13602029995
15902200915
13902051258
13820855566
13821227171
13920120088
13902188337
13920693840
13902096222
13820167587
13512215793
13820030062
13920698525
13752129645
13820218927
13752001398
13642022192
13752331207
13902068896
13920801983
13502078660
13821770607
13821133298
13516167455
13612101441
13920940992
13752456292
13820068254
13920008228
13902004008
13702075858
13821691648
13702009298
13512913588
13802147593
13920035824
13820968660
13602082777
15822100486
13820577167
13802137766
13682115941
13902116217
13820083583
13920314099
13902096305
13920845209
13802168623
15900237713
13920252656
13920121850
13920277993
13821162767
13502007373
13920566668
13602096626
13920531108
13821978897
13902017009
13820628532
13920151161
13902173552
13752672608
13920710345
13920229403
13512210316
13602135205
13820415820
13821215879
15902235581
13821421668
13502062221
13820025328
13820316555
13920838839
13920250808
13612055967
13821757775
13752003595
13920983721
13821488686
13820861108
13920002000
13702121158
13920189090
15822287431
13821137676
13602077653
13821396969
13821535053
13652195495
13820991919
13802016015
13920126149
13920671712
13820537860
13920496286
13821881908
13820971001
13502110949
13821574406
13752422173
13803067125
13820111109
13752505198
13820230069
13702019003
13612176616
13662059108
13622154638
13920158068
13920276405
13662121506
13920982900
13820902286
13512456307
13820217486
13752655117
13821774040
13902148196
13821344822
13920010652
13920561677
13920085822
13920992469
13920000620
13820788215
15902207527
13602081367
13821922197
13802061186
13820138426
13920205429
13642170576
13512203302
13821132277
15900260821
13752205732
13752669409
13702039878
13920949083
13821226838
13820784047
13512019283
13902055927
13752678064
13920376248
13652141208
13820991885
13622089165
13920593210
13821426686
13702137853
13821061188
13602156348
13512435175
13821614420
15922006506
13820378304
13752351217
13820548856
13820060866
13702006641
13920334761
13622024159
13752282604
13702113348
13752776011
13920008696
13821224327
13802096037
13803033012
13902161777
13672034370
13802183521
13752718998
15822643932
13820426790
13821910282
13803072787
13902187927
13821135888
13821637762
13820901579
13702066679
13920811388
13802020568
13803061059
13902056678
13602080543
13803092169
15902202000
13820786309
13820967779
13820351626
13820676688
13820368480
13821523099
13702162969
13920510763
13516121906
13512051450
13682085756
13702081581
13752799491
13512088489
13512247188
13920951536
13920030868
13920201111
13821951629
13902188935
15902258354
13512210651
13820909995
13662151345
13821356484
13902061742
13920908187
15922102195
13682130399
13821129507
13821511540
13662195766
13920056668
13920472508
13920808073
13902023017
13920486280
13920403352
13752250196
13920320941
13820650200
13512811183
13902059952
13612088943
13820312888
13512977299
13902101551
13920218481
13821671000
13512874269
13802032872
13602133933
13802055599
13820079516
15922107777
13512227465
13512000187
13652075118
13802029099
13502132651
13502035092
13752330851
13820818556
13820951921
13821335287
13516188565
13820643999
13682087588
13821417724
13920550963
13820863072
13902018916
13820995200
15822503478
13502031557
13702095068
13752607238
15900334915
13820685501
13820967050
13752037778
13821827761
13902100701
13920388908
13803012566
13602091155
13820550241
13702095704
13752097472
13622004517
13920437268
13820800070
13920412208
13821387178
13820635457
13920662908
15822480206
13752315642
13920312050
13902071286
15822408400
15802246659
13821057075
13512293196
13672070357
13902083032
15922170258
13820816587
13820663237
13820522401
15822378598
13622135012
13512929179
13920779727
13652155809
13512210381
13920583855
13642066306
13821619809
13802189432
13512890088
13642145749
13920016866
13672163616
13820387788
13821061565
13752254611
13902130808
15822583858
13820261261
13821723395
13622031199
13752383798
13662196982
13702062313
13821151523
13920947271
13902005393
13821612458
13920139287
13512927388
13752587860
13920238563
13752065286
13672103422
13902138566
13752065921
13820761234
13682001853
13820579699
13920461899
13920246552
13920346999
15922170680
13821559938
13820325358
13622167659
15900303092
13820675235
13902138329
13702126926
13652169691
13820771089
13802129712
13920300315
13920771314
13821218228
13821653248
13821226002
13920933420
13821881662
13920168822
13920002010
13820046630
13920900888
13821800098
13821389687
13920215859
13920413056
13920355206
13802027448
13512424635
13820838817
13821497564
13820869138
13821733232
13502103282
15822112259
13920206548
13821277187
13752514288
13820929504
13821028233
13920821703
13821162549
13821138969
13920084057
13821804683
13902082696
13920707789
13672148898
13820080468
13821286268
13820951952
13821727574
13820382551
13920287497
13821319531
13920990590
13821893111
13821150726
13652156338
13820142046
13821853660
13803001801
13502022665
13820582813
13672035960
13920451018
13502105465
13920365387
13920790510
13602080111
13820438152
13820256811
13821433163
13820096636
13652043284
15900301781
13821724546
13920814188
13920604615
13672136108
13821592345
13512234428
13920340698
13920939979
13820987452
13821705666
13642134405
13612076859
13821561808
13512481694
13820389708
13821761111
13920586536
13821378322
15802228371
13802059397
13902182159
13821025626
13642059553
13821005770
13920301959
13821283789
13920102867
13752000759
13512830932
13920827655
13820860075
13902147338
13821190855
13821408660
13821354577
13702183414
13821275524
13821200524
13752548953
15822961789
13802138760
13752357598
13752571777
13920075973
13512405403
13752042002
13516140148
13820585389
13920986517
13920326016
13502119199
13820369909
13902045338
13642041049
13512947818
15900307994
13821274968
13820913854
13702135501
13920556517
13920200580
13902162235
13820234858
15822002688
13820965857
13920350772
13902144237
13821260248
13821852897
13902189087
13821125437
13821576750
13612080217
13602113745
13821352777
13920680368
13702083737
13820134888
13803045435
13821620466
13602180155
13512267622
13702017776
13920884908
13752071960
13622055308
13821393818
13702030125
13920346605
13512999219
13821416588
13820977496
13821236666
15902237778
13821556835
13802128912
13920000183
13502081356
13920925228
13516177091
13820787829
13821150322
13920085978
13652088699
13920307080
13920029038
13920056135
15922125420
13602001680
13820176331
13512935383
13622014717
13820632855
13602055891
13752705025
15822441179
13602193705
13672002649
13902035378
13802041689
13821336466
13702044286
13820110937
13820705252
13820427356
13820407869
13622128148
13821428412
13820611500
13902076826
13602171270
13820773068
13752351967
13622176942
13821405054
13803056771
13820788918
13820685253
13920805618
13821368350
13821578484
13820154417
13702083142
15922040555
13502039008
15802218576
13672105186
15922295608
13652125161
13920437905
13803036723
13820037382
15922007898
13512422281
13920883055
13803041375
13821669986
13512996376
13820699288
13821928529
13652155568
13820087689
13821007535
13821216430
13821330793
13502009996
13820839688
13920880009
15902290252
13920327992
13920933136
13752124645
13752166653
13820890400
13502086781
13920137105
13682195967
13702086660
13820112209
13820323989
13622083143
13920025876
13920891345
13820527671
13682135605
13512019172
15902205330
13821990651
13702036798
13820266182
13820598225
15822927831
13920327430
13702132596
13702010606
13902055952
13820990886
13820882412
13920322078
13752000120
13602020134
13652176441
13820633168
13682139172
13752074704
13820700598
13672188825
15922173951
13821748885
13821818101
13512869953
13821999859
15822781624
13702129069
13820852826
13752034061
13821352066
13512959615
13821171161
13602123521
13752580693
13652107363
13920565511
13820993186
13820803920
13820416178
13622071805
13752789956
13820158158
13662018952
13920223186
15822477352
13920992023
13902052699
13602150908
13820080013
13752026553
15822035661
13502176808
13702068119
13820281722
13920516893
13752799021
13820133200
13821825235
15822028944
13602037390
13821074958
13820400122
13672199873
13752030595
15822678668
13820684674
13702160657
13802069090
13662109000
13752756227
13821312972
13821922887
13512273646
13920359292
13752251974
13512037376
13821837786
13502130110
13821063569
13752630218
13920307539
13820366530
13752677511
13920122866
13920768659
13752338008
13622137568
13920909999
13821231382
13512985755
13682144450
13920415778
13803024833
13821098179
13512886655
15900274925
13821051855
13821132392
13820130249
13502079909
15922072890
13752212137
13672115670
13702062577
13502198567
13920104621
15822557766
13821861922
15900363210
13902130286
13821203388
13802131882
13662188752
13821035697
13672188750
13682076216
13920112233
13821492943
13902068360
13512444477
13902028158
13821400771
13512418323
13602177514
13821922599
13502098132
13820186396
13920415758
13662199795
13920328993
13802094870
13821156868
13902186956
13821724829
13920131102
13820181621
13820607834
13652165082
13802160060
13821678899
13652054268
15902234593
13752124214
13820580235
15922158092
13622123553
13920803642
13820876433
13821551819
13920595735
13502101199
13752505068
13920328704
13820897267
13602022928
13821184739
13821321505
15822909990
13920369396
13682106981
13612107443
13612058213
13820180395
13752698545
13602152581
13820982431
13512867700
13802137335
13622068388
13820995391
13920166752
13752416983
13821513012
13920888628
13820630644
13920673828
13802073005
13802132600
13920509557
15822858811
13820409563
13821403379
13662132008
13802188382
13512000033
13820871146
13502115954
13820716060
13512948605
13821175086
13821968777
13821600626
13920059209
15822216789
13622143216
13502048501
13612080663
13821563219
15710286927
13820758858
13820354477
13821796778
13752118888
15822279219
13752244914
13820253760
13642105773
13502016168
13820376987
13820759876
13920028897
13820746009
13702035604
13820322868
13820507101
13752551177
13821595286
13802182188
13820588885
13821296781
13920702282
13512065728
13920787774
13802172856
13820609795
13920965123
13820041266
15922297999
13682127288
13821969213
13821291752
13920638517
13642122931
13622055572
13602116107
13602003568
13902121309
13702039771
13502052386
13920584860
13702087710
13902009355
13920054870
13821298123
13821093662
13662116696
13920976722
13512079654
13820076359
13821986358
13820793443
13516146070
13642007949
13702140303
13802168348
13920678903
15900219457
13622099688
13662053934
13820453600
13820788710
13920575963
13752182911
13920916028
13752179530
13902083117
13820298395
13920450714
13516266768
15802266877
13702175378
13820411369
13512494307
13920679989
13920060468
13821330590
13821355752
13821187558
13920839988
15822841329
13502119452
13820580850
13920891485
13803007801
13820609063
15922193002
13821150666
13902170070
13902192367
13820090107
13652078906
13512448947
13920451380
13672062280
15822301800
13516141887
13752432754
13622046437
13821325872
13820509902
13821574217
13821163846
13820964222
13512019653
13802138201
13902191825
13821568887
15922075207
13820458300
13752059458
13920785100
13920056223
13920684651
13612122259
13820576824
13802005056
13820851361
13682191922
15822887127
13612127980
13920807018
13512959090
13821536353
13820318726
13920137548
13821334126
15900392045
13802158616
13920276991
13920742606
13820499791
13820785056
15822699166
13803094327
13652058988
13920018273
13502096028
13512886129
13920201818
13920869036
13512290527
13820926836
13602163629
13902093459
13920010430
13702108386
13502083272
13702111099
13820567248
13821748659
13920756353
13902074710
13920396202
13920704489
13902032680
13920008341
13902143867
13920913305
15822711733
13612061286
13821804966
13820564365
13820326123
13920510581
15712278709
13752461887
15900373774
13821809889
13672184108
13752020028
13672199683
13920151613
15822447559
13752408865
13516116695
13512498940
13622095420
13820881605
13820769052
13821661196
13612139288
13821603271
13820980137
13602070677
13752700205
13820552552
13920902007
13702017797
15822555555
13662136666
13920995789
13820740400
13920615880
13702197092
13920584202
13821840688
15822742878
13920400773
13920391876
13820695886
13920597908
13821604000
15822451936
13821284722
13821699200
13820888197
13821779567
13821512618
13516200300
13682177056
13752139057
13662078388
13821204335
13821777106
13821631985
13820363862
13821017984
13820304588
13602156118
13920083494
13820382333
13920536437
13702072031
13682081789
13512853005
13821300225
13752709268
13902154072
13672072000
13752086850
13821482502
15922244838
13672075025
13652055998
13920210007
13920607888
13752297653
13802127130
13821245101
13920432281
13516144344
13752223222
13802100927
13920154046
13802031008
13820080865
13820025189
13820219900
13662095339
13920048913
13682113541
13902142807
13803063896
13652121527
13682082738
15822611663
13821685895
13920560492
13652132180
13902157929
13821007171
13502132822
13512996685
13820063159
13702181717
13512909632
13920810985
13820731269
13902119065
15822930896
13820612810
13920351978
13821727257
13516145825
13602094833
13662054592
13602181418
13820691987
13821166885
15822746766
15822139993
13920385457
13502159865
13803097178
13821286325
13920130685
13821586010
13820127558
15902242376
13821590009
13920712679
13820255868
13512060888
13602010188
13702167361
13820845160
13920932043
13820266208
13702156808
15900362258
13820876158
13802089790
13821822194
13902105352
13902109117
13642085021
13820362379
13820879091
13902003025
13920316058
13612063195
15822607597
13602081236
13752278321
13820266804
13512242018
13920338866
13902162560
13902131981
13920209899
13820938148
13821977882
13512251111
13602151266
13821389981
13820483120
13702164933
13820313361
13821501120
13920503807
13662001317
15922129464
13642159122
13820786570
13920501180
13820490338
13820606029
13920450255
13502085841
13820699562
13802137008
13512995690
13902160911
13820977378
13512232288
13642151818
13602059037
13702013218
13821746586
13512976855
13512001926
13820155825
13821773771
13682064188
13820851982
13502118984
13920494822
13821859375
13612132366
13502068251
13702017399
13672140163
13516109102
13821956376
13802173273
15822187777
13920089928
13502111906
13820918104
13502117775
13820159687
13752719514
13920281767
13920700889
13752150458
13516292648
13821202868
13902035679
13602064907
13920002479
13821047184
15822934172
13821653922
13702004358
13752503322
13820990061
13920803348
13502107581
13821988541
13752768354
13820773850
13820884080
13820774013
13702178308
13820809397
13902158993
13652098700
13802062279
13512045597
13920799858
13803090128
13820710360
13821033119
13820891412
13512980988
13820548526
13821691961
13820997415
13803005221
13820035135
13821800989
13920805562
13802050069
13821697311
13612129621
13752530417
13920193945
13920551395
15802233962
13820603688
13802008583
15822930182
13902014593
13821412939
13821814455
13821797876
13821359472
13920105438
13902027628
13820825258
13920399925
13752625533
13752506579
13662062816
13622154986
15902292140
13920313625
13821732073
13821682656
13821977965
13920057165
13622078787
13920832198
13662115567
13612059641
13820908968
13821262185
13920715668
13821882488
13803093185
13752253517
13920413104
13920513030
13820396647
13821339532
15822084129
15900224259
13920682396
13920068011
13920701208
13821190308
13920034197
13802080508
13902003970
13752452505
13820446184
13752778539
15902275288
13752356193
13820665886
13821929432
13820094002
13821510630
15922193535
13516256612
15900387111
13512965885
13820061871
13821954238
13902091613
13902119999
13920968080
13820689861
13821455002
15822047426
13821977774
15900353333
13902017972
13920137722
13920935969
13602018488
13820531240
15822712996
13820154451
13920205373
13516155725
13702165528
13820915987
13920033939
13672122736
13602100368
13820887922
13920409538
15922025259
13920953115
13802134568
13920985200
13821276660
13702154376
13820206319
13512047979
13821135905
13820192276
13652045580
13752321679
13802149655
13702190080
13920374343
13612170895
13920692779
13821375506
13821598882
13802023008
13820839573
13821363291
13802017422
13672156610
13920018009
13702087500
13512220277
13502182218
13752135877
13702002223
13920134206
13602025285
13902026708
13920035332
13752310205
13802164272
13516267198
13672123123
13752286852
13821600316
13820771928
13682074749
13820769050
13820135933
13821597505
13821555100
13820324573
15822677228
13902017922
13920303920
13820713168
13820915607
13920200668
13820860161
13820015533
13820389503
13752223051
13821619051
13602128558
13821218180
15822101984
13702107392
13502079099
13821561728
13802099159
15822808620
13821887920
13920150798
13802086876
13802113048
15822174779
13920671700
13920413921
15822702828
13920498822
13622070289
13803045560
15922152687
13820517254
13920682510
13652188288
13920463804
13512003190
13502166857
13752741451
13802010902
13820090590
13902008621
13820726155
13820135678
13512448116
13752090757
13821408588
13512910188
13920366397
15822600889
13803032536
13652164458
13642166033
15922114419
13821935231
13920254325
13902166767
13920987709
13752368188
13902119227
13802118892
13820300187
13820623454
13502177676
13752007266
13612088377
13821688165
13902110463
13820780836
13821532868
13512231306
13821346153
13821905880
13820186831
13820719905
13820150298
13821316644
13820341976
13902198250
13752687298
13820908961
13803056986
15922050581
13902168967
13512990600
13920400327
13821401166
13821162249
13920091797
13920477777
13920246795
13920392750
15822017599
13920206119
13821531295
13821311235
13902050335
13512415098
13752503888
13502177056
13821392825
13821223300
13820001333
13702071329
13821062461
13920130470
13682198822
13821269000
13820824473
13820037816
13821586388
13920000802
13642194806
13512095586
13820851255
13752685885
13920373155
13920210706
13920045888
13702119582
13820972668
15822871972
13821419471
13802090861
13820452842
13820258031
13802153098
13821488146
13752089111
15902221646
13902138827
15922002064
13920503386
13821112368
13902151585
13652120585
13516102489
13902012117
13802061089
13920824138
13612189555
15822063512
13803085938
13821176688
13820120587
13821728828
13821812489
13602000688
13803011875
13821709022
13902067900
13902039282
15822860887
13820069816
13802045675
13820967608
13752623333
13821467391
13821279933
13920107178
13902055128
13820663680
13920223453
15822835794
13612180035
13803013240
13920357008
15922031252
13702076717
13612085408
13752118610
13920831057
13752477088
13821003208
13652160969
15900213005
13820572860
13652012449
13803013927
13602083382
13752114143
13803094828
13821689883
13652150688
13820674878
13920671936
13821961382
13920170679
13821990899
13803039523
13752578152
13820012206
13902027545
13821655755
15822821224
13920726568
13920298450
13820998167
13652146488
13920124844
13512071860
15802226161
13602039013
13820736191
13652068026
13512928977
13820511122
13920813070
13512005541
13752051953
13902082277
13820521131
13820055516
13920807968
13752784931
13902132685
13502037918
13820083778
13802168299
13642126003
13820779818
13820899369
13821669990
13821356179
13920691361
13821868618
13672099487
13920037709
13820221039
13820608729
13702153511
13622063225
13752592996
13516179358
13821153275
13820102413
13920259299
13752031960
13821037998
13920251665
13820388798
13752588617
15822624604
13820518501
13752200935
13820200351
15900330625
13920008778
13512210663
13512273885
13752161509
13821292192
13820481800
13652066431
13702160558
13702136818
13702070764
13821525887
13821944000
13920380087
13752081822
13920259733
13662003009
13502189341
13820832123
13672173086
15822180000
13902186777
13920456388
13682127687
13752122185
13821701453
13602151882
13820989929
13920470340
13802122952
13512412239
13902093296
13821538096
13752360022
13920049633
15822782239
15922288993
13512805258
13512256250
13820366572
13821289681
13702174839
13920262643
13752430633
13702128920
13821173364
15822771293
13752222552
13702119791
13702171096
13821040008
13821757171
13920023555
13821925090
13821736306
13821033703
15922012866
15900298002
13502156175
13516111956
13821204311
13802029191
13502134119
13821555163
13821579922
13752551540
13920361680
15922101533
13672090197
13902091908
15922166539
13702096396
13752003886
13642132828
13920039503
13820668148
13821198698
13820638377
13920417931
13821769444
13612093468
13512249814
13821234125
15822630878
13820566518
13702113722
13820999305
13602065917
13602089680
13920060690
13802141104
13752680327
13752289627
13602085964
15900392392
13820535123
13920206151
13920083817
13702161233
13752655185
15802242324
15922038092
13920208850
13512843575
13820601155
13602120649
13820787374
13502079208
13752718883
13820871470
13820672211
13920088662
13512272070
13920960880
13821231360
15902249362
13820255198
13820108318
15900267666
13820170291
13752352533
13622191155
13920508739
13821307010
13802029723
13602055496
15822034388
13821315331
13702175478
13821376686
13920808205
13920664566
13502022778
15922043707
13512252232
13642193700
13502029009
13902011192
13821069342
13920479386
15902232035
13752580713
13902190513
13752081136
13821846918
13820527299
13612132996
13820273009
13752615222
13821588736
13821132959
13821700457
13820848005
13821863191
13512248968
13662115900
13820661995
13820763950
13821919656
15822671837
13752650898
13752039996
15802257075
13662108340
13821223681
13802115191
13920014256
13902042897
13820265577
13803057013
13821145956
13920211399
13821533203
13902013262
13820050888
15822082962
13920910960
15802244777
13821277278
13820005913
13821903706
15822599527
13821722679
13682090959
13820678565
13752712907
13920495372
13602012069
13502035358
13820721379
13622049732
13802000002
15900377551
13752679311
13820388258
13820034224
13820679596
13662073216
13821180726
13516139978
13920249060
15902298958
13702059383
13821233393
15922009504
13920454048
13820043619
13820731824
13752588089
15902271274
13512015847
13821921919
13502012858
13802033171
13682173833
15900285513
13920464142
13920998539
13802000512
13820706039
13902127289
13920311139
13512940206
13902085599
13920116203
13820050218
13662002791
13920893832
13612086555
13752071161
13821239858
13820301107
13820102863
13821338015
13602126825
13920129131
13752367216
13602121066
13802161688
13820703778
13821461695
13920512963
13820087099
13622195531
13652006672
13821560440
13820580912
15712247601
13512060373
13920806872
13920595570
15822970753
13920380366
13702046445
13612110130
13920556564
13662020475
13752148858
13820099203
13702117229
13920801393
13821609778
13820864508
13752043043
13752031405
13682120472
13902010986
13821726066
15822964297
13802137788
13652034307
13920628156
13512250150
13512844540
13821186474
13752459362
13920510233
13820367536
13821341017
13662080812
15922055777
13702178888
13920899811
13821362629
13752279385
13821797582
13902014730
13802185511
13920325366
15922034220
13752472933
13622111927
15822885988
13752195089
13902018636
13820416685
13820366916
13512841921
13642075810
13820573766
13820731217
13821700663
13682113544
13920669991
13902170985
13820892582
13820908277
13820679999
15922074485
13902059214
13821820688
13821842070
13920362791
13920805550
13512873012
13821973378
13820698896
13752553097
13602168889
13920348851
13512077783
13672168207
13502032927
13820867607
13752350162
13821107282
13821102524
13820855884
15922134089
13821558894
13502107908
13752308777
13821070523
13920626288
15822487286
13502057907
15802221890
13820973333
13512992688
13702007730
13920523129
13820243999
13820127568
13821904552
13803056635
13802068668
13820478224
13920034738
13902160126
13512966887
15922226519
13802065060
13902084682
13820431111
13512251242
13752544389
13820702768
13512200350
13752362082
13752083353
13920081528
13682007731
13752071722
15822500680
13502010922
13820211239
13920108818
15922254758
13802179679
13820074995
13821759981
13920588550
13820296886
13752090685
13752033330
13702056999
13920621833
13821846579
13612078111
13920607269
13902031793
13820858707
13752037418
13820066685
13920803632
13752129500
13902133068
13920078689
13512860699
13902043332
13920432858
13902079981
13662118621
13602158548
13920007745
15822240531
13821207018
13502122889
13821632668
13920896421
13920616472
13602193707
13642088892
13821534012
13820733165
13820519194
13820859005
13512253058
13821807807
15922137317
15822989307
13820722334
13821803949
13802035620
13920562093
13821370202
13512810028
13702018939
13920968669
13512915108
13821964506
13622068337
13920188709
13820367497
13622133320
13820409956
13920159933
13821007836
13821579998
13821511656
13752545145
13702085958
13652027873
13662085970
13752103356
13820883829
15822131990
13821002967
13920637818
13652155170
15822627556
13920896954
13612130100
13920222148
15900393890
13920908852
13752754984
15900231111
13821139377
13752258190
13820846923
13821726703
13821483267
13820603780
13920283257
13752666011
15822326841
13802156348
13820229340
13820247663
13516163993
13902188868
13920822666
13652019425
13821265042
13920007278
13821496221
13820418853
13920296691
13672117720
13920369465
13920345039
13820238398
13662151957
15822258222
13752608097
13820052005
13821147570
13821554199
13820403226
13820757898
13802180000
13820369009
13920992208
13920096372
13920193724
13920819356
13512072727
13820620481
15822157201
13820581993
13821286513
13516193043
13752644115
13820411755
13821083059
13820840611
13702165468
13920949400
13502155797
13820785233
13652063008
13821340990
13516222655
13920461185
13803085048
13821524818
13902000609
13622130223
13820282981
13512990798
13516255338
13820462600
13702015775
13821128980
13920474242
13821387526
15822564371
13821959898
13902043839
13821553344
13820607966
13920230673
13920930023
15822497880
13920660679
13672076577
13821320468
13512006057
13682198081
15922074805
13702195117
13672074023
13920571538
13752767111
13902073051
13502067103
13902149652
13920822297
13821388627
13920526237
13820467188
13920512908
15822426378
13820366179
13602097073
13820856117
13920262786
13821772711
13820685627
13920173410
13802190575
15822663728
13802053311
13821198918
13802186687
13820589931
13682106668
13820433139
13752045485
13752000595
13920626180
13820910001
15822894147
13821800220
15922104442
13920812529
13920113780
13602002482
13821945000
13622031390
13821350023
13920381877
13920760055
13821369169
13752132785
13902033898
15822881717
15822812521
13512968289
13920615359
13820062286
13820386722
13752024581
13752531178
13702197857
13920107958
13920020304
13821202978
13662155510
13820557782
13752597123
13702161696
13622056892
13821806622
13920203766
13821092682
13920511807
13512908550
15900398196
13902100810
13821386595
13512239724
13902011967
13516280623
13602122223
13602012123
13821988757
13920517338
15902217445
13752122878
13821128610
15822551646
13752492951
13920321051
13512493345
13682059832
13820108188
13512260935
13821692073
13702160574
13803099993
13821980443
13502005189
13821173399
13920765052
13512067870
13820398642
13502012255
13821268062
13920562288
13752198245
13920000065
13821903733
13902166258
13512819252
13752703072
15922090388
13820888115
13752763223
13502149495
13512084922
13602175433
13803056600
