8月清盘特惠，价格一步到位！天津大道首站【金地格林】商业街100-328坪全临街旺铺，机会仅此一次，错过不再有58788877【金地格林】



13820570888
13803053921
13702032827
13820299805
13820362620
13821038107
13642017808
13920758651
13642165043
13752091826
13602149858
13821864270
13820169580
13820295271
13752018654
13821315888
13702092926
13752658662
13920764888
13920180307
15822873668
13820791080
13821127397
13821949597
13821573409
13920704532
13920910986
13752092669
13820446149
13820738111
13802030012
13920508972
13821027551
13622128296
13821033339
13662148758
13622146981
13920806511
13920780902
13802041813
13820506020
13602012129
13820291520
13612185040
13820996311
13820578008
13920551060
13820036242
13622168787
13821004742
13820505670
13622139558
13820972922
13752309082
13512918876
13821922155
13502117823
15822498527
15922160822
13516273307
13672039667
13821054287
13652181377
13920419492
13920474633
13821718326
13803085855
13920495300
13820720122
13920962233
13803008498
13820487753
13820600143
13602020996
13821178874
13752779332
15822533798
13802139947
13752341135
13902155219
15822899715
13512000026
13821990301
13820882278
13820333798
13820992325
15822531237
13672046569
15922166979
13752008614
15822360880
13502009616
13602182505
13821257423
13802025378
13662080002
15822353369
13752248381
13612040768
13920516402
13820988515
13512058378
13662177763
15822084390
13920539259
13512087847
13752119651
15900282267
13752484381
13622094899
13642159297
13752179763
13642179567
13652086464
13821110825
13702170463
13802121213
13820940497
13752591104
13920039250
13702001210
13820284948
13920192538
13702003088
13920473893
13821406718
15922024370
13752519637
13502032755
13820771261
13512478523
13602120246
13802069468
13512290935
13702004896
13662105659
13821973147
13820384209
15822724068
15902265747
13821440219
13821572588
13602031229
13920788828
13820593030
13622108063
13512236534
15822297497
15822480222
13820511963
13752732151
13802074976
13820669205
13802143137
13642193851
15822353140
13920313925
13612178212
15822797242
13820069633
15822623307
15822069385
13752091029
13752692003
15922246486
13820945061
13752455429
13820515738
13902137454
13752752181
13802003945
13920736184
13820348440
13902066261
15822696155
13902071860
13622005377
13821451348
13502085610
13602051995
13512883852
13821996596
15922039656
13821458718
15822027610
13920040316
13820446225
13752650851
15822333454
13502160387
13902009583
15822353746
13821075379
13920445440
13820866468
13820135658
13802148630
13702085183
13820460617
13602025466
13702094393
13702144996
13820266628
13820125087
13642063699
13516128533
13821388837
13502030004
15822419767
13512066054
13920309881
13820388988
13602135997
13602043470
13902170984
13652134623
13821591913
13820800113
13803047811
13702186707
13820562678
13512931830
13752754556
13802171016
13752780891
13803008936
13516217390
15822031699
13752505574
15822542189
15822798445
13752348550
13920601249
13821395131
13642103174
13821139619
13602108429
13820387981
13902051269
13612098066
13752023581
13820661169
13802127988
13821266809
13602056725
13902126123
13821160225
13512453115
13820922645
13820978549
15822144002
15822346191
13662133593
13672156809
15822652373
13820305018
13512495514
13802189490
13821085795
13821832411
13820174054
13662192623
13802081118
13702020123
13612140992
13820788027
13752654601
15922215481
13820949367
13803056869
13820865648
13820566993
13821822721
13820183324
13920582970
13502063770
13820733338
15822927180
13662139788
13642081576
13820280787
13820776730
13820863701
13820268655
13642003060
13702072818
13820050069
13752579745
13920296138
13920719718
13821070152
13920504266
13802049635
13516274526
15822696289
13802083333
13820565205
13602051618
13920373804
15822772832
13502164387
13821469814
13602001649
13516246099
13821898891
13642082168
13512852425
13820525768
13920745026
13512467274
13752721112
15822856613
13920250408
13662131247
13752141926
13752481066
13512835355
13516213072
13702159571
13820692590
13612070716
13820864198
15822326000
13820979999
13672015585
15822699246
13820383568
13820263771
15822594613
13702120275
13920227514
13672163503
13803078661
13702039808
13682100951
13752309504
13820498543
13820177540
13642014051
13802109836
13516290629
13682091704
13516284381
13902131190
13920687733
15802238753
13516264422
13682170419
13820991454
13820081505
13820660214
13820488085
13920506557
13682026706
13602020836
13602190121
13820254969
13820693850
13902062701
13702157753
13752411153
13820262972
13902101034
13752359399
13820897098
13820585782
13821688767
13920190685
13752719957
13820066003
15822765158
13821056932
13820063039
13672087141
13752093896
15822049851
13820904850
13622035041
13821047819
13820220777
13752690888
15922239027
13752311752
13512207773
13920370211
13803090229
13820562998
13682133054
13512958038
13702160683
13612064160
13502110769
13920412219
13820825336
13820705970
13512492593
13920901733
13502012145
13612189803
13516270927
13920922616
15922056686
13820376727
13820143337
13672006890
13902109091
13516280962
13652159194
13820662898
13920078964
13820423061
15822069799
13920795702
13602063073
13512270531
13902188848
13920134351
13802182389
15922124888
13820636655
13920730192
13920656865
15822441596
13512909956
13602013705
13821038280
13802164598
13752119190
13820261835
15802262686
13802115530
13820522894
13752446189
13920406023
13502198499
13802119688
13702176967
13802119899
15522064468
13820410115
13802010329
13920196918
13820774268
13622045678
13752718501
13902012592
13820557999
13820607693
13802198293
13820717368
13821922327
13820798844
13920065429
13820625225
15802259410
13820334043
13752350731
13820093603
13920650243
13622076950
13602107621
13820848249
13502157048
15922183105
13652105994
13820088772
13752080759
13820426625
13920382270
13622059779
13920579134
13802032420
13820046008
13752024483
13821855881
13821086882
13702019706
13802106183
13752673061
13820063131
13642186973
15922023721
13821065458
15822639597
13820291174
13642116857
13920717681
13820372822
13803038538
13652034726
13622108118
13752124689
13820375243
13612091150
13820073000
13902185695
13512225678
13652194463
13752678198
15822162599
13512088370
13902011069
13622096835
13752369252
13821697888
13820916149
13752429996
13516290772
13602117589
13920759886
13612134713
13820851712
13672007452
13512876727
13702152406
13821572915
13820731581
13920558757
13920483413
13516152717
13820729549
13820566917
13752170446
13820706178
13820959788
13820101860
13802177382
13642105001
13516201422
13702119129
13820307632
13752366176
13820115318
13920413014
13652176338
13512825430
13820584791
13622155744
15822671245
13752311781
13820264618
13821246122
13820020020
15822898435
13902125264
13682006755
15802249947
13920966168
13642131428
15822462289
13820797817
13752571818
13902087516
13820261329
13502018471
13820082826
13512976516
13821323759
15822747265
13820681919
13612075936
13512459463
13920193168
13820603427
13920616168
13752737327
15822339302
13672060572
13820468553
13920841242
13820635640
15822549818
13512900668
13920707188
13502005553
13902053498
13662168672
13512023919
13682147423
13821563554
13803064655
13920299905
13662113399
13920364134
13612054487
13820818909
13612185584
13820985823
13902090676
15922255101
13752069455
15922203554
13820481683
13612143536
13602043332
13821043901
13702135557
13820101339
13920487886
13820440040
13820515879
15822774486
15822098318
13821141874
13752250963
13902157062
13920453647
13920834067
13512927240
15922023870
13602016287
13702102217
13512004880
13820685990
13512263139
15900342756
13602189573
13502144474
13622173802
13820081345
13820121385
13803071534
13752172584
13752554656
13820702377
13902096568
13821920819
13702147925
13820671615
13820484895
15822100734
13920564347
13672014821
15922142485
13820737696
13802047196
13820506026
13820192650
13920681739
13642137389
13652058966
13920862567
13512098011
13920808891
13820457751
13752128655
13821522919
13820587265
13752658645
13821045982
13702113333
13920716789
13920819039
13602051619
13902110567
13820177764
13802187383
13820776016
13512038617
13821545886
15822129221
13820681545
13920757101
13920835356
13622199847
13602180415
13802186070
13516127280
13512264603
13820422611
13612189142
13902060298
13803081348
13820372821
13802086026
13512235015
13682094865
13803014126
13820989019
15822437280
13820680882
13682106783
13612046994
13512418910
13802157099
13820980947
13920718654
13920452088
13502088476
13820268525
13920583746
13642101725
13602093783
15822101477
13612055785
13820729590
15922149900
13752267592
15822012077
13820106191
13820587509
13821691192
13502122288
13602012843
13702181326
13821560277
13820231555
13702143874
13902067455
15822038060
13820710539
13820040687
13802132457
13820888716
13920344984
13752796313
13602030092
13920350174
13920278412
15822162890
13512058756
13820555459
13920968734
13602111082
13821047896
13820423021
13752297153
13702104451
13821097136
13602030611
13821205441
13821798623
13802053448
13752251196
13802193858
13502033940
13920716119
13802181881
13512297789
13602106666
13820678711
13820396437
13920901117
13820838539
13602127258
13821588788
13820156499
13642188405
13902039633
13512064179
13920310847
13682185403
13902061814
13752300239
13652143489
13821159298
13802165991
13612058728
13802161698
13920573415
13702054912
15822430897
13512869331
13820176980
13902105246
13920756927
13821875119
13602139520
13602033208
13821272270
13821156038
13502029901
13920690991
15902295578
13820663331
13642109275
13820310993
13821226879
13820107983
13642001407
13920088310
15822236469
13920906916
13820815581
13512475423
13512256627
13902114230
15922241171
15900290897
13821039361
13920287087
13920584776
13512839711
15822901642
13820966522
13512014852
13820196273
13820322588
13821017459
13820551076
13821049040
15822501374
13752049908
13752510293
13682170022
15802282573
15822808509
13642038113
13920735959
13902162424
13920757069
13902032206
13752348304
13920547764
13502173873
15822904950
13682112361
13920784408
13802169494
13752203335
13821122243
13820427270
13516197305
13602162373
13821719811
13752420440
13602129880
13516151414
13820491350
13820131073
13512212566
13752348675
13502002595
13512260859
13516228158
13820373453
13602108666
13920249557
15922093703
13820360174
13820982516
13502123416
13502170657
15822437787
13512221244
13502173378
15922015321
13920812732
13662132824
13820742483
13702082081
13802092940
13622125681
15822185283
13652049016
13920802505
13802118279
13802085318
13920064560
13821553530
13820267751
13702127434
13820092901
13802130423
13920342243
13802192285
13512861759
13820088688
13612094850
15922169684
13920827426
13920779937
13920938684
13820103955
13502142872
13820558546
13672045874
13702121085
13902081033
13820838190
13602130152
15522260566
13512094496
13920996012
15822303867
15822283819
13752007966
13512078892
13502101287
13821459132
13821239265
13820960319
13821777558
13802094168
13920529315
13702177853
13821399548
13502131232
13920949490
15822322026
13920415899
13802169606
15822096339
13752690855
13920252600
13820758898
13820464070
15822901137
13682130273
13902117083
13820462788
13902000032
13920645740
15822643880
13920238141
13820739320
13516193017
13821112232
13820495593
13642151385
15822176300
13802175517
15822688281
13820444101
13602062933
13820536434
13920806690
13682077656
13802186019
13920404872
13820955968
13920507890
13820113100
13682165569
13821044003
13820386155
15822901998
13622064240
13702059170
13752149242
15822141446
13920445481
13820300252
13920755431
13662167937
13820539783
13920707981
13502139887
13752092190
13602002331
13502022667
15822496958
13752096517
13820931910
13920496252
13920699978
13652039316
13752137838
13802115576
13820685282
13820987278
13512876133
13920830165
13821379025
13820968936
13820498819
13902000159
13820820626
13702109863
13920301013
13702113527
13502026585
15922056936
13902014544
15922288061
13702007199
13802070018
13920718375
13516183054
13821948563
13920717847
15822425086
13702059522
13820589397
13820314904
15922296230
13902079900
13803078471
13820792220
13752319700
13902195618
13612057271
13820296360
15822061393
13502149870
13662136270
13602187444
13820522059
15822504127
13752621873
13512499764
13752661180
13820098804
13820239303
13803078918
13920181922
15922013179
13920471133
13920834700
13820777798
13820006045
13512008968
13920096489
13821069536
13662176816
13920816636
13920545100
13820471275
13512402966
13702023458
13512925551
13920743753
15900293802
13512919288
13920166333
13602142218
13502100492
13752650232
15922254629
13802012447
13802186420
15822363610
13820983891
13821200506
13920210329
13902171072
13821891440
15822248447
13516258063
13802088578
13821708323
13803049156
13920783143
13516149703
13820570127
13920743459
13920533329
13920139558
13803061258
13820695196
13820394954
13920879530
13803002274
13902012168
13820768944
13920558720
13602052259
13662192036
13820298155
15822301963
15822901179
13820368587
13902095760
13821090271
13502015303
13920555666
13920825285
13512846528
15802288608
13820607500
13612141855
15922204517
13752172394
13820598688
13820356092
13512979161
13502179090
13512082500
13920329745
15922132192
15822024467
13802033646
13516196968
13512002750
13902141418
13920950118
13702144805
13902166223
13502029601
13702133933
13682130619
13612105821
13802101618
13902030609
13642025216
13820483343
15822950569
13820178021
13820449341
13920956716
13920910092
13752448807
15922059469
13612011988
13820146840
13512239443
13802005741
13802125218
13502122803
15900348814
13516298799
13902088826
13512843348
13642163639
13820530606
13512045396
13512093582
13820001206
13820552622
13502163971
13652106994
13920811925
13820549180
13820497209
13820921592
13821457022
13920380547
13512866132
13502068837
13752174387
15822817786
13821055864
15802285027
13821141638
13622036554
13821288187
13512255485
13502193501
15922264356
13820160000
15822649756
13642089133
15922046251
13821667644
13512400501
13820217356
13820746417
13920209340
13702060202
15822127123
13821092160
15922242472
13512993238
15922107898
13920977226
13820931090
13802008345
15922119213
15822083677
13821300628
13820605071
13752375750
13602082380
13820730956
13821401610
13512281448
13702046436
13502198088
13752792288
13502013562
13902082618
13802138852
13803076839
13602013991
15822799901
13820294561
13821128470
13702136668
15822537269
13612040980
13820887393
13516288692
13512433929
13752425723
13516191809
13920714947
13752366333
15822140226
13821201126
15822389053
15822767930
13820518513
13622066960
13920119671
13821471605
13752724931
13602004090
15822153602
13820300988
13622172190
13920777454
15802265672
13902055030
13602162772
13702078228
13802145256
13821562919
13502135611
13820281007
13602163136
13820410736
13820957587
13902165411
13602016278
15922153558
13516233111
13902010085
13820808333
13602010821
13622140944
13820749005
13802125599
13920527678
13920496476
13821308647
13920006096
13802018132
13602095678
13821054839
13612098903
13821266780
13752317595
13821729753
15822528593
13702108610
13803043582
13821381588
13820124953
13821983058
13902053996
13502001785
13902099422
13820837953
13512014500
13752086396
13752236954
15802214957
15900336621
15822246814
13602148365
13622084961
13820166427
13920893723
13820931149
13820903432
13672032874
13752623260
13920656668
15822302121
13821479394
13702073158
13802101185
13802061712
13752112923
13920829459
13642116330
13820892746
13820505082
15922171874
13920756165
13820864096
13702041863
13702120894
13820095600
13820345316
13502127066
15922157367
15922273862
13920608868
13820455111
13612080178
13516138149
13612024865
13821328019
13920668063
13821772836
13821079312
13516219597
13752736118
13602026105
13702038985
13602085657
13752385701
13820060880
13682031356
13820118858
13702143616
13920642608
13652174692
13512255904
13820989804
13920991589
13752002069
13803013397
13502129816
13802094489
13802134343
13902107575
13920805586
15922144630
13752726265
13820963685
13821176262
15822466933
13902017312
15822715088
15900211261
13802168488
15822318410
13820833998
13902182053
13821793982
13820566619
13902159570
13672018089
13820032288
13702028754
13602080163
13642119730
13512924036
13516213521
13512210053
13920301703
13821210720
13682073649
15922064476
13821000898
13752339286
13502145709
13820658808
13920745758
13920375925
15922016970
13502053727
13752311473
13512089021
13602112426
15822992116
13820361607
13920159992
13920107555
13821060216
13902109467
13602179734
13821911440
13612041118
13920284915
13752082598
13802045952
13802102161
13752338776
13512455175
13820613993
13612103950
13512961765
15922269696
13702011696
13820528470
15822280084
13821292416
13820825747
13820961392
13622017634
13821853201
13512096112
13820652346
13802196608
13802051409
13502099723
15822367609
13622168348
13821590038
13652030226
13502064664
13820415637
13512255727
13820877167
13512416825
15922240901
13512812552
13802153660
13920297133
15922090868
13702172765
13803060386
13820470863
13802055319
13802131578
13821047641
13820248295
13820355485
13516110142
15822911363
13920464763
15922224800
13502068968
13512885116
13902114101
13802155222
13602094448
13920400006
13821443158
13820572849
13802023808
13502106650
13920974147
13512010888
13821883209
13512840482
13682164897
13920998626
13820669619
13820002806
13652107969
13803013751
15822582471
13622065291
15822497079
13752390135
13820126240
13820208624
15822124497
13602165677
13752713060
13920804307
13820658818
13612080025
15822330083
13512451744
13821692755
13622064489
13512050389
13602159902
15922022651
13516145458
13821055471
13920476233
13502171183
13820483029
13820600589
15922023426
13642166599
13512890186
13752707641
13920739430
13820091021
15922012772
13820996513
13642060000
13516197014
13820357453
13821441335
15922230842
13820990868
13662151769
13821098389
13821812990
13802043388
13702071826
13752230609
13642184319
13672049398
13821055967
13502163169
13622019675
13821199637
13820354011
13612070935
13612082116
13622159196
13820488686
13752647612
13820488901
13652183431
13821016023
13512265359
13516208485
13652007291
13602171555
13920952436
13602012219
13820231500
15922247355
13920738586
13820947810
13612190039
15822659931
13752072516
13820743547
13512422792
13602182800
13602043992
13602043030
13902198881
13820194252
13502168087
13512941317
13612079376
15922239457
13802167154
13920331250
13602125354
15902282816
13821080189
13516144352
13602016503
13602059843
13502060496
13920851160
13516126499
13920452875
15822945809
13902102209
13821578339
13803008842
15822906295
13821359588
13920414284
13902180802
13920600861
13672030665
13902136627
13920796448
13821389690
13642186350
13920276080
13920656147
13821990023
13820905644
13702090372
13512275648
13512480723
13802098830
13820838946
13820369892
13820145445
13512827310
13821651803
13820230850
13821040353
15822225766
13920802081
13512938657
13752048913
13682154185
13502074233
13920208868
13752663554
15822655180
13702004761
13821113268
13662109477
13820943749
13803055389
13502173600
13516255328
13820041199
13820488442
13820677322
13820606649
13752076965
13920861133
13612180201
15293086142
15822445603
13902105521
13821782193
13920241666
15822624280
13820129515
13920825048
13752162420
13682009031
13820180344
13752758647
13802028026
13820775282
13602110385
13702135804
13802008238
13602199958
13821586998
13622019629
13702099228
13502052052
13820907584
13920808638
13920608051
13820167357
13820578586
13612174784
13752179039
13642095027
13602019325
13752454881
13602027282
13920818771
13920383635
13672039964
13652116037
13622168175
13820599031
13512486985
13802025419
13821620640
13752578792
13920748064
15922273737
13803033003
13920712494
13803073528
15822002744
13820600808
13752743660
13902117223
13820602071
13516132889
13820663877
13920845121
13820970133
13821171477
13512478147
13672123577
13821086643
13920854295
15922288365
13802088808
13902012768
13920014868
13602068886
13602059760
13672153986
13602090159
13702176866
15900392278
13502065644
13672073402
13920317943
13821526858
13821017266
15822547794
13802008999
13642006012
13821379897
13512086355
13512049157
13920091718
13820737358
13752666449
15822294234
13612059590
13752451750
13672006829
13920199999
13920732769
13512060968
13682055926
15822780829
13820935271
15922175070
13820364611
15922030129
13516244408
13820231104
13752186650
13602122729
13512911718
13920020564
13802137700
13920682931
15922271986
13821745517
13820223604
13602017450
13662048975
13902129822
13803062630
13920736483
13612149760
13512922927
13672180317
13920518211
13821213800
13902158773
13920265759
13502161118
13821076591
13920351026
13821508322
15900398743
13612156529
13652157752
13920463598
13821786340
15900350729
13820549654
13512228543
15620006137
13602030360
13702092231
15802256938
13920761190
13820893278
13803039638
13752134934
13820883478
15822092738
13920746927
13512068687
13920577119
15822166054
13820562961
13502162935
13612077564
13672099026
13820806052
13752394616
13752672857
15522330821
13902040567
13502068511
13702003622
13920674134
13752041812
13512843935
13672051868
13920820963
13820343275
13902050650
13802060831
13752731812
13820813826
13512450543
13612145831
13802115090
13820347318
13920870540
15900311834
13652108413
13820188024
13821027608
13902148439
13612146415
15822540600
13820378743
13820555280
13642154743
13920130620
13602187844
13821164281
13920241819
15822473748
15822875082
15922141046
13752348969
13652131726
13920006513
13672101648
13821140623
15822746376
13516178093
13820699082
13820697628
13820062493
13752230792
15822899287
13920555690
13752665577
13920543946
15922263530
15822191200
13803083578
13920396490
13512201640
13902078899
13820683886
13752145089
13821566729
13642156060
13820480066
13920717490
13803001771
13502089967
15822664063
13821250211
13702148769
13502010809
13820261083
13920230074
13502079135
13642000166
13642141598
13652172945
15822360537
13802069262
13752333118
13820190685
13802093789
13622049232
13682049976
13820058182
13902083663
13516155269
15822557288
13752008027
13820990270
15802250211
13803088617
13820776796
13821114003
13602195697
13802057548
13821317224
13920049047
15822846738
13820603097
13502083381
13662176672
13612055396
13820974898
13820982404
13516258419
13920312589
15802287659
13803071681
13652022117
15822857248
13682087332
13820124668
13902031562
13512083842
13820785241
13502102760
13752372234
13516248708
13920746076
13702196617
13612062164
13920359986
13702079922
13702010066
13752072206
13652151018
15822045639
13752335860
13821560684
13512075515
13652180291
13821510147
13602018017
13702133981
13802196107
13820067067
13902136140
13820075922
13802010003
13642075555
13920808367
13702086088
13803000820
13512002232
13920843503
13820378888
13682130284
13512807384
15922066161
13652075922
13602168181
13820294512
13752005955
13902107152
13752213097
13820905048
13512050138
13820195413
13752456301
13802076058
13820827544
13820049212
13512803048
15922023681
13820639149
13821067202
13820435111
13602037950
13602138790
13602078422
13902024339
15822036712
13512954559
13512231985
13602109106
13820732845
13920797180
13920466629
13752455991
15822944294
13602147361
13622199296
13516191619
13820757980
15822271711
13821789207
13502109112
15822168438
13821150853
13803068132
13602123253
13602060385
15822153383
13702179417
13920969430
13642109081
13512035908
13752735731
15922011363
13642126815
13672183437
13642120370
13821235859
13920701211
13821448950
13752767286
13820844009
13642012516
13702133469
13752674650
13920356914
13821563074
13512418876
13821469594
13821174063
13622015013
13752615158
13502083508
15900345311
13702127635
13612172440
13920858003
13920199377
15922047621
13821428167
13821906942
13820359809
13902170983
13502019256
13920139599
13820488265
13821725019
13902135353
13820777585
13902034678
13512897229
13682067571
13821782496
13821185555
13821756840
13820867093
13802166009
13820843077
13672045185
13920704572
13821372722
13820842967
13512037610
13821178133
13612156587
13820734902
13502136902
13920687081
13920120351
13622018553
13920742247
13821110893
13672078692
13820341072
13920708633
13821709080
13612128517
15900281382
13820934216
13612065896
13920611584
15902210552
13672058934
13512200963
13820462242
13821683273
13682047904
13902173878
13512853490
13902012157
13821263644
13752345459
13920804068
13502110379
13602103821
13642145676
13920435483
13920299977
13902154027
13602161974
13920443421
13612040217
13821230030
13920045598
13820605106
13802157176
13820977860
13752033533
13512278579
15822368526
13902195318
13820288165
13662164529
13902039178
13516230658
13820835212
13652074248
13820708587
13512879225
13920055557
13516258651
13920254827
13920239811
13602053910
13512477105
13702070888
13652168661
13920929095
13821669592
13820918181
13672100661
13902040056
13512073660
13820116693
13820835697
13752240930
13612126664
13622086426
13821904073
15822584398
13502063771
13920854611
13602032250
13802126818
15922170460
13920661425
13820965754
13820338174
13602017887
13802126806
13752597536
13820685615
13821089152
15922064616
13752181845
15822245365
13820604355
13902063922
13820087807
13820566447
13902036705
13502023259
13752025525
13920840235
13920965862
13820872479
13622140831
13612152193
13820897820
13512201691
13682155471
13502155666
13802198833
13512921426
13652030497
15922106663
13602085553
13821897222
13920993902
13920097798
13752336291
13502117540
13902033002
13820442401
13821105422
13820485732
13820453032
13821940733
13920521734
13902127218
13702084986
13920607340
13702157382
13920123361
13820666658
13920413198
13920336047
13820611789
13820597780
13920619887
13820899068
13516260365
13821769732
13821031456
15822035492
13821997086
13902066001
13920218418
13920075373
13920525268
13512061839
13820679515
13752174534
13752057787
13516266857
13920642971
13920988119
13512413797
13602101781
13752038066
13920514813
13821530883
13752141758
13920383322
15822307877
13920806369
13752086119
13642017336
13820483509
13820330723
13642175379
13902130096
13702072806
13821397517
13512055039
13920996666
13752092203
13820151616
13902131868
15922247723
13920093873
15822155701
13820301889
13920536016
13821292197
13821474233
13672029586
13821229155
13920904662
13920881464
13820587838
13702050188
13512423722
13820551768
13820060571
13802037699
13602167287
15802210758
13820162194
13902031720
13682021471
13652171829
13920312031
13920498255
13512067694
13820888785
13502198996
13702070826
13820156441
13652080276
15922041051
13920263686
13672102791
13820526565
13920291358
13622136334
13821647306
13752784241
13821229939
13802191877
13820943063
13802185989
13820451689
13516180312
13602031654
13920414307
15922035986
13602174020
13642059568
13602046108
13920202086
13920219011
13820719548
15802249960
13920246188
13752454614
15822423001
13512905159
13682184506
13820896874
13702127648
13821176785
13920442840
13512268633
13512221613
13820583945
13602027112
13752508235
13602180711
15822220989
13512273883
13920101784
13752333659
13920896243
13752266639
13820381819
13820880987
13512007224
13920733606
13902016990
13820885659
13752509247
15802287992
15822650488
13821080365
13821595044
13920217641
13920520043
13662018194
13821888036
13820603863
13612144581
13752401854
13820268586
13752215058
13820519378
13820481896
13821831277
13920977745
13821037107
13820399358
13642120926
15822343172
13702009950
13516248744
13920136204
13702142201
13820999338
13820943273
13821925740
13920574947
13752597926
15822283413
13602132921
13702029378
13502121660
13821981966
13602018356
13752212737
15822972014
13821654072
13820849155
13820950059
13802115640
13820891889
13820510888
13820096732
13682168023
13672105187
13920722244
13752609484
13602002626
15822824291
13920046698
15822646896
13512482543
15822043649
13820169643
13820611414
13612169530
13920360523
13512235605
13920391063
13502168985
13512904865
13821219575
13602119002
13920391270
13820606519
13802021177
15822303746
13502124223
13512950749
13752763100
13752089892
13502151002
13821174313
13820487071
13702156832
13702004444
13512200654
13902073829
13820728249
13502169100
13512447127
13902106998
13502057861
13820369624
13702008548
13516250618
13820664306
13752531736
13802192230
13902026352
13920833103
13702023073
15900223776
13602126521
13802000991
15802286740
13802123811
13752644118
13821966472
13602035355
13652021803
15822109449
13602158130
13820945850
15900291360
13752634805
13512463341
13752547677
15822622741
13512925659
13920038494
13612119228
13502104975
15822192270
15802273860
13802000263
13820229164
13920303939
13820662187
13612023870
13920678353
13820806141
15822135698
13602039301
13702132883
13820318800
13702160159
13752201468
13820079605
13602179556
13920278989
13502188170
13920790739
13802056778
13682085807
13752459758
13820393571
13802027685
13602126932
13920447590
13920541214
13803021467
13820073199
13512496946
13662119110
13920446459
13642134064
13920802102
13502186871
13702001246
13920348333
13682094384
13902117593
13820608690
13820789791
13920961835
13602179866
13820027450
13602182220
13820874836
13820740855
13820489781
15902226683
13821069919
13820160599
13752447572
13652174876
13802072988
13821015158
13803006083
13802008681
15922258598
15822532128
13902088030
13752706491
15822280094
13752097972
13752637574
13820568497
13752650243
15822481317
13821316781
13672005312
13802034372
13662011334
13512207038
13821398701
13803033573
13512052926
15620053005
13602073135
13502056626
13752632637
13752347111
13516274853
13902028168
13821159859
13920993811
13820793326
13516256221
13820946659
13672065694
13802068886
13512019360
13602058224
13820046185
13752033646
13622004633
13920039139
13820607997
13602118066
13752562016
13803030999
13920617702
13502119760
13502128248
13672004342
13920575335
13820954630
13920317098
13920591646
13920503049
13820915499
15900203525
13820193460
13820298882
15922029678
15822160455
13820303745
13821449982
13702077022
13920077777
13820021988
13752350617
13820956268
13820049479
13802180366
13920744241
13752015101
13902057376
13512484266
13820047015
13752081964
13920060876
13612148101
13516272677
13602082369
13803003562
13920985195
13502105082
15922091244
13512057795
15922263407
13820751295
13920983711
15822952571
13821442942
13820720883
15822543922
15822878551
13920733541
13652167986
13622034079
13502095381
13516261460
15922082525
13502183570
13803006200
13820605040
13820672580
15822549851
13820583244
13920837251
13821990081
13821951972
13516264077
15822188210
13920585517
13752023877
13820602653
13821737222
13920624262
13512970748
13902108981
13821701281
13752355353
13516265256
13642095088
13920854538
13752229612
13820482174
13820631443
13752494511
13802015968
15822126011
13502025026
13512475968
13821101868
13920792172
13820562393
13512219240
13803017173
13622026557
13821044219
15922023560
13820060551
13820967777
13752631527
13672080419
13820624434
13702138343
13802033344
13920363123
13920851658
13752155298
13702166075
13920155933
13602143495
13902140496
13920532197
13516217000
13502019288
13920747852
15900337270
13516152699
13821597165
13920418971
13662111128
13702082010
13752505981
13920040894
13662100673
13821002840
13672038830
13920153685
13502169347
13802140684
13820756145
13662051508
13820461532
13821185966
13803004734
13752020024
13920236053
13672090546
13752000375
13502040598
13920028404
13820296161
13512078286
13821753365
13622098255
13602177241
13512981952
13820880238
13803060740
13902036913
13502006969
13820298296
13820087458
13512480193
13752118115
13752386184
13512230412
13642168997
13803017658
13702198478
13820649398
13652119393
13752533181
13702039868
13672058131
13821002016
13752697658
13502117618
13820222044
15922251493
13612076804
13702162736
13602011862
13920700295
13820096928
13820012550
13752048568
13820102848
13820967300
13802008885
13902099944
13920585590
13642008522
15822319142
13642012910
13821880808
13920290956
13821367531
13502105677
13752482815
13803007021
13803091351
13602028422
13902032093
13672001276
13820679864
13820579592
13820403411
13821429838
13512274291
13512876645
15802217771
13821779531
15822580101
13803001223
13612142888
13662143562
13602132762
13820559883
15922007731
13752007923
13820675078
13602023325
13803071771
13920006813
13642175678
15902236563
13502136858
13803091825
13752000632
13820562290
13820943080
13612146957
13920317926
13920281019
13821981879
13752123452
13802001555
13512016336
13602020030
13820369400
13821287054
13920846856
13752437805
13512956804
13920447742
13802067112
13752089987
13920811252
13920455002
13820754902
13821677916
13920964492
13502063623
13502121582
13622006298
13502018543
13820581505
13602031272
13612148439
13602007273
13820482678
15822633406
13820082928
13512987162
15822303772
13920594940
13512294659
13502185347
13502133829
13820209718
13820485678
13920303595
13920174073
13642044129
13512908755
13702126627
13821569877
13752331584
13662017565
13820588056
13702156629
13820990615
13502172112
13920471313
13902033399
13662102098
13820063067
13512497487
13802177232
13820889685
13662051711
13821051377
15922010293
13820618496
13642158849
13752174542
13622049601
15822948202
13821454270
13820152193
13920125618
13502026131
13902061663
13920126148
13502103111
13820240049
13821150729
13820943857
13516257836
13821704723
13820988245
13612181065
13820555413
13902070791
13920340926
13802126988
13512851701
13512215137
13902180227
13821035204
13502081884
13820426189
13820348438
13702169045
13821289315
13672135235
13602001812
13920811659
13502161069
15822161194
13803032171
13820627713
13920731168
13920503888
13682178830
13902024122
13821304197
15822597264
13612123463
13682199325
13920420816
13821826311
13821002627
13652120045
15822422868
15802263721
13662072405
13902013879
13820803881
13642186568
13752553957
13920949363
13802124839
13642139477
15922034520
13820832933
15922035997
13642048255
15922018303
13920341710
15822469807
13516136662
13702016660
13820206544
13902135325
15822901359
13602124856
13802187558
13820188541
13512026227
13802195927
13820274076
13920259136
13752791759
13802097599
13752420305
13702037330
13821948657
13802096129
13902158717
13920133568
13820995553
13820885620
13512086392
13820187453
13920197377
13502000525
15822233264
13821773274
13662160909
13602151538
13612115456
13512084680
13672031356
15822148673
13642120044
13820104564
15822166666
13672131504
13612037836
13920358843
13820667773
13902067328
13920067795
15822151251
13752550304
13920818209
13920252794
13820240572
15822646126
13652188961
13820836106
13702117511
13820474771
13803009415
13920146945
13820456060
15900306620
13920095801
13502096311
13622085922
13820025568
13682197990
13920707823
13802065267
13662058527
13802129813
13821182598
13512205377
13512437656
13512070680
13902092166
13702056290
13803027695
13702084039
13820576846
13752372516
13612121616
13902083387
13622116579
13752514505
13820482548
13820474332
13820174404
13820890138
13821037711
13752752999
13821292024
13920786499
15922060882
13821235229
13920606107
13612083566
13920819817
13820692069
13820531571
13820884028
13602028868
13920195786
13920802633
13820105687
15922116494
13820969696
13920865264
15822560003
13652140805
13820142321
13821807394
13622031896
13512279495
13602104127
13602144579
13920454631
15822041816
13820264555
13622032609
13662052820
13652057391
13920698640
13821185224
13802085215
13502044674
13820709912
13820266365
13502064571
13820562281
13920563813
13702112021
13920606681
13820898720
13512483931
13612115511
13702033502
13820956097
13512419739
13821210033
13512491144
15822221495
13920000686
13820064888
13920741673
13512965712
13920961263
13516110523
13622172464
13820859902
13920612400
13820302386
13920542896
15822971279
13820484720
13920474749
13820249085
13820173212
13602056227
13502028363
13682088549
13752250680
13672010850
13502007993
13602163040
13920065068
13752332702
13920290508
13902009496
13602148876
13802087988
13920858643
13802099795
13920454759
13622101339
13820808819
13602037644
13820617523
13502186573
13516216550
13820508669
13820723678
13820149844
13752419358
15822188938
13920717513
13752008438
13821730010
13821290680
13512879233
13622193318
13820312741
15822586839
15822313097
13920412593
13612005075
13502136765
13752000003
13820537100
13821470252
13902071875
13902170439
13821186872
13672041223
15822334085
13662121142
13802124133
13803049708
13920025406
13820479072
13820761687
13820063487
13502027013
13902032868
13820073873
13902043366
13803018096
13502069360
13652002781
13821655025
13502180222
13920147899
13702196118
13920420439
13512215294
13821190868
13752392427
13821057000
13821010789
13802160088
13502119256
13820146085
13622120580
13920683721
13920740755
15922059605
13702045736
13920427688
13820544270
13920719537
13820666118
15822540864
13920519118
13820095591
13802130302
13820355975
13902147747
13820414419
13820201201
15922018918
13902076285
13702011246
13902132840
13821120649
13820903716
13752048529
13821976201
15710209151
13820349014
13820877793
13752571901
13902172407
13902028807
15822894082
13820782769
13920399096
15822758102
13821037187
13622093237
13820883273
13820630920
13821621122
13803070138
13502027138
13612159495
13512032377
13652064601
13920087172
13920756752
13820306600
13820717246
13752080505
13920637675
13602144769
13642171403
13752005092
13920736922
15822421350
13920375231
13820116761
13920736615
13612189104
15822419369
13803070992
13920406382
13752523391
13602154405
15822284062
13820203592
13820849424
13622139720
13820351786
13752013279
15900336106
13512817647
13821044542
13820482669
13820885563
13821891716
13820680620
15900231958
13642052155
13682132660
13820530786
13821594548
13821295784
13820429395
13702087752
15822309244
13920285910
15922096309
13512257699
13602015806
13702032060
15902260994
13702059722
13622190650
13920246911
15822323047
13752411428
13820088103
13622072016
13821673292
13902089162
15822695882
13642036848
13902166668
13920848652
13821000305
13820116341
13502151388
13902028552
13920328206
13820597799
15922243644
13821175965
13820776616
13512099317
13622110860
13821199578
13512409159
13821751953
13516202865
13920340867
13512238278
13512931071
13802186220
13803022229
13612186345
15822758728
13902056708
13920805152
13502139235
13512096816
13920660518
13602007655
15922224616
13502169820
13820098664
13920512663
13802160386
13920412622
13622111778
13602181148
13821250747
13682179529
13820560869
13821149263
13820352777
13821932223
13820166661
13820309809
13602126218
13820204011
15922004648
13920209374
13821279500
13920673711
15922019625
13920209205
13502126166
13702178353
13920016888
13821067679
13820926137
13752207879
13702125885
15822041431
13820726949
15822992843
15922142701
15900391763
13516211359
13622110456
13802189288
13920686633
13802027407
13702064888
13920047540
13752444821
13752004534
13622040789
13602043563
13902128325
13902101316
15822423960
13612065989
13602115031
13920660184
15822627178
13820410185
15822898596
13612124850
13662133866
13752430506
13821851569
13612000362
13821077661
13752035444
13752003790
13902042223
13502046020
15822195677
13702021590
13920450981
13902104860
13820048318
13752418887
13902096167
13702081823
13702184633
13672040740
13702048671
13820583658
13752119859
13821210606
13612088945
13821011573
13821689850
13702070065
13612165621
13920118116
13803087789
13752012038
13802042280
13821362570
13820460107
13920691722
13512415000
13516239733
13821938209
13502023173
15802238577
13920585160
13752090203
13821068218
13642166110
13512839143
13512402636
13512035529
13672069096
13920383178
13512495083
13820242744
15822738676
13920135422
13820525093
13820033577
13821159913
13752505301
13920541632
13602121439
13902041481
15822695614
13512425787
13803001012
13602163750
13602035686
13502195485
13820234380
13920413216
13820476193
13612056096
13612068071
13821846760
13516267568
13920881120
13512841694
13602033135
13920819068
13752496356
13802184122
13820259018
13820513607
15922261521
13802039938
13920674198
13803007121
13502062426
13803049711
13902105612
13820787100
13920909910
13502189808
13752166362
13820199119
13682118594
15922007112
13752434817
13803033228
13821376288
15822465523
13752030325
13920073225
15822084168
13920898686
13820221734
13682029900
15822322734
13612045599
13920980774
13512962783
15822376928
13512098388
13821119311
13902119546
13752134619
13820355301
13920239263
13682053323
13512837388
13752736728
13920440467
13820315510
13652152215
13612100878
13820537934
13752633826
15822081758
13602047804
13821789071
13516267342
13902020776
13602135266
13752421490
13752574675
13820240303
13820082346
13602002921
13802083522
13512084445
13821896815
13821044336
13612182586
13752067188
15902273782
15922256559
13682052624
13820884803
13820565316
13612036483
13920607088
13820811968
13622145701
13602136956
13920589194
13920272261
13642139210
13820301616
13662105436
13803053609
13821999544
13642048011
13902105611
15922125459
13820909401
13662176297
13920890767
13920043720
13802005499
13502035056
15922199752
13602164372
13820416768
13920628794
13902131490
13602180843
15822160124
13512046615
13702049243
13502158052
13820939547
13820085555
13752712029
13672017466
13820784255
13920738873
13612169565
13516166148
13902172968
13820842640
13802001006
13920169212
13820940390
13602091352
13920067239
13802106988
13920371868
13920305362
13820543607
13752381975
13512255125
13820201524
13512841184
13821896041
13752662431
13821074300
13820300584
13752061396
13820383326
15822459146
13902096969
13512241190
13752563259
13820249709
13803046260
15902278632
13920526050
15822665650
13652108338
13602038041
13652014506
13920120565
15922013080
13902036599
13920013856
13821068982
13821731850
13622040389
13512241911
13802194411
13902161239
13642136266
13803087844
13642197096
15822667857
13802137515
13652156687
13920968881
13622011622
15922012553
13821907204
13652149261
13820871501
13512434780
13920382514
13642114077
13612109594
13920835264
15822755000
13920805295
13820750274
15922213440
13920626257
13821462264
15822746394
13803024035
13920155063
13602134554
13512977156
13702027926
13821519123
13512487755
13902118876
13920070883
13820532885
13920423287
13821583935
13602032553
13752114686
13820129139
13802051158
13820402783
13802152372
13820305418
13802115830
13642172282
13820767350
13820941805
13821110222
13752162604
13820801175
13920540824
13920282700
13820400420
13920490123
13602021970
15822498312
13920571585
13920270621
15922046705
15802210890
13920114960
13642062542
13920431471
15822041091
13820229311
15822236251
15900226669
15922007347
13820384879
13752459606
13752016321
13820240901
13920431680
13820313892
13612036815
13920931177
13821358071
13820697196
13612110736
13802107521
13920754655
13602032765
13602006812
13821580888
13821075916
13622065889
13902048426
13662120425
13512941401
13802156192
13802117011
13821524244
13820650797
13752465226
13612123228
13642189772
13802104866
13512071533
13920367301
13512277431
13820490432
13820849846
13803060867
13821589184
13682180252
13612118295
13502033110
13820473329
13820968538
13702046953
13602128980
13622141445
13802008432
13682136187
13702171238
13642000370
13920533798
13642058492
13820758582
13702063152
13920276369
13602110626
15822134089
13920287650
13502154000
13820854209
13820760292
13920291904
13920604025
13820977772
13821980088
13920580869
13802082289
15822643705
13821841242
13820602264
13752604566
13622027991
13802067254
13672137717
15822329356
13920719550
13803031936
13752354181
13642043877
13821187698
13821990134
13920782477
13902042323
13902171146
13920258498
13920848348
13821598746
13602153377
13902080072
13652193825
13920917532
13920717545
13752391905
13752248497
13802037838
15822782876
13502060055
13512277173
13820432110
13622187812
13920391867
13821732551
13820872900
13752334698
13622053539
13820846515
13752030346
13702052092
13752749306
13820705049
13920030748
13920424665
15922263878
13512073932
13512854292
13820328156
13702119800
13752168544
13920803284
13502103191
13820999556
13820266972
13612166972
13920684234
15900297850
15822830223
13920896129
15922017525
13642168901
13820509715
15802260971
13820898989
13821795332
13662047802
13702170026
13752225656
13920127452
13821984962
13821114815
13752563802
13512284262
13672055805
13752342880
13821499724
15822452534
13920998476
13820140415
13920360060
15822451271
13820558385
13752012187
13612005443
15822615516
13820780089
13512271838
13820497321
13902063226
13702053009
13642009933
13802069886
13820548010
15822137781
15822683249
15922255507
13920948437
13820217473
13502086888
13820498117
13902032966
13512420766
13752057230
13612019722
15802261625
15822945331
15822130245
15822414681
13512439462
13820306461
13902167243
13920700766
13516245810
13821074619
15822168500
13920392166
13602063059
13752131266
13920295989
13820326982
13752095587
15822876391
13642021811
13820634726
13920873708
13920481798
13820033712
13602058646
13602011762
13512297039
13612147520
13920410556
13502015661
13672170301
15822698566
13682030799
13802008056
13820249062
13902143032
13512085252
13702067441
13920386967
13821108296
13752364151
13602008586
13642085920
15822425622
13803059869
13920687287
13752315167
13821013483
13752373333
13702048902
13752391626
13702105920
13820289600
13821296773
15822929911
13820492840
13803032644
13820385528
13821522163
13752041903
13802131552
13821837185
13752081609
13920142129
13920411183
13752345709
13803050761
13920997402
13512047935
13802068006
13920806451
13512498653
13802165255
13502010928
13512418335
13920321147
15822137925
13820502233
13752241092
15822323823
13820261119
13502015555
13512471292
13512255293
13752548972
15822721661
13752638926
13820477916
13820240090
13820310011
13920231611
13820883637
13820886278
15822049299
15822297758
13821531970
15822174209
13612012315
15902258114
13821458419
13702161796
15822042199
13920861544
13682190939
15822299085
13502185514
13902027272
13820066236
13820497158
13820300787
13820876443
13622094336
13802102868
13802073700
13820629099
13820790809
13820216907
13652077030
13602027565
13662127206
13702185116
13672154027
13920263447
13602172782
13682163240
13602118965
13820361829
13752646687
13920265811
13920165118
13821703835
13512909616
13920430379
13920710783
15822536900
15922062619
13802054128
15902251836
13622003301
13820585052
15822785544
13820080455
13920189195
13920714197
13920226023
13702001105
13920412965
13672143188
13920510266
13920482168
13920608097
13752007226
13512880370
15922186088
13820562950
13820735437
13821038038
13622065200
13820537468
13920918975
13752692592
13802184720
13752039370
13902017998
13920411850
13902091814
13702192350
13622105367
13502145398
13821118878
13821001166
13502107367
13820689102
13682058078
13820143885
13642020385
13820243118
13820004735
13920828887
13682184027
13920413435
13802062616
13512056388
13752088761
13920876827
13516136091
13652069563
13502104030
13920087377
13502089919
13652100400
13672030210
13920413849
13920843576
15822388561
13702187121
13802004608
13920419403
13820850769
13920341194
13902012557
13803029960
13502123218
13802196166
13803002436
15822892110
13802091607
13682041601
13820082094
13821694144
13820875278
13920236033
13502135018
15922007641
13920651316
13820389752
13602159399
15822099669
13820588209
13803007190
13820062138
13752568097
13602120756
13602033258
13820363636
13821864464
13920728968
13920740250
13920757124
13652040506
15822518438
13702174582
13512204638
13820376888
13512203200
15802246871
13820140512
13652198696
13702197199
13821594486
13920033138
13512981135
13512488962
13802164282
13820713291
13902078794
13602164816
13820179520
13920187224
13802082383
13512447104
13920381182
13752085491
13803001651
13602076687
13682117107
15922246679
13702011200
13821362549
15922119758
13920715814
13820421977
15822303850
13820705498
13821450513
13512003663
13502186499
13622050100
13752113071
13802025073
13920216115
13682199000
15922256249
13820200607
13920498282
13920769441
13820873002
13820161915
13752281030
13602141998
13602077078
13702021717
13821689882
13702003068
13642141423
13512267093
13502127366
15822639672
15822582707
13802090919
13702176518
13820343130
13662001505
13821769534
13920258787
13820910233
13821326545
13672053133
13602035014
15822039083
13820285475
13512256788
13602147347
13821520866
13702028220
13702036402
13612064461
13820432700
13902035698
13920357877
13516195781
13752107308
13662100132
13752571487
13820560719
13702051949
13820098776
13920227957
13802007830
13920009488
13502106526
13820195338
13512453225
15922161246
13502150966
13920341090
13512058792
13820202098
13702091226
13820758787
13820311292
13820736046
13803000576
13920180978
13821046696
13512036152
13512032813
13702087596
13502173532
15822619596
15822797681
15802226381
13920877938
13820515678
13502161233
13512207237
15822859912
13602127581
13752596086
13920741527
13820589093
13662053696
13820129785
13702102922
13662183127
13622000912
13820982305
13803052803
13512022996
13682021880
15922025573
13702077665
15802216506
13820528588
13820708999
13516237431
13652159594
15822618071
13512281527
13821533509
13702181753
13820691053
13803021908
13820552992
13820166068
13512891368
15900345699
13752302549
13622199988
13702157528
13821583975
13802139308
13672133743
13802060050
13820524082
13612128480
13662182648
13820940373
13820876551
13512476158
13672075646
13820848142
13702038641
13820514820
13752072486
13820204792
15922140220
15822119648
13512982312
13820904970
13752463367
13920042694
13802023827
15822235410
13820088376
13820257484
13920414780
13512041540
13820581368
13702167635
15922220462
13820783341
13752112356
13803018222
13821638153
13820972423
13752750303
13920583267
15822648987
13820299857
13820861381
13820257107
13702157360
13920574045
13821622923
13602188600
13920719590
13820308260
13820380508
13820736724
15822322815
13820155278
13602012427
13612006738
13920738670
15822317369
13920156789
13820325353
13803096561
13920724006
13820645677
13821653882
13752166114
13502090229
13820146185
13752182700
13920865403
13502039227
13920411961
13622051309
13920828812
13702198118
13920322367
13802170336
15822091318
13803097099
13622091281
13920975945
15822927661
13821800283
13820316047
13820450329
13602189215
13752489090
13920724167
13702072597
15802239460
13512074929
13512060369
13502124812
13920768356
13802126155
13516271648
13752381286
13821834084
13502189681
13820081699
13602159676
13820311373
13512997892
15922003110
13502055108
13512903243
13752674713
13920396410
13820299870
13802181788
13802074888
13502145320
13920376955
13802027382
13820721554
13920981830
13820885261
13512483190
13516130606
13752153129
13502041481
13820561107
13820219538
13512483837
13820351684
15822756941
13920413419
13920442763
15822364310
13820661138
13820121115
13802071253
13821033179
13820387806
13752174219
13512979937
13803042088
13821798345
13612081246
13920414277
13502155620
13920816116
13752091274
13502056451
13820246186
13512226680
13920239190
13802100092
13820000665
13642026184
13602051659
13652131834
13752024126
13821527347
13920396302
13920868124
13820946299
13820368738
13516171628
13820488860
13642005345
13512044386
13920956034
13802059401
13902038728
13662158955
13820138898
13820363118
13920891634
15822014705
13821954064
13820687123
13752309948
13820051880
13820551458
13920266037
13821606287
13902051001
13502086018
13512418028
13512453298
13920462212
13920820666
15822532450
13752657138
13820091103
13820873276
15902242057
13602143155
13902014995
13752335577
15922043968
13820629664
13802115925
13642102775
15522297239
13920043180
13602103149
13821230103
13752695742
13820289451
15900269669
13920915211
13821306346
13820723336
13902014364
13920123908
13602039451
15802230605
13820902180
13821674232
13920582140
13602019612
13652117110
13820355814
13752590877
13902024265
13902023265
13821598982
13920269093
15900243797
13920230288
13502086878
13821866861
13821562771
13821608810
13821002760
15822536858
13682005356
13920275394
13820224720
13920601759
13821090287
13802002211
13622155555
13920877648
13803064218
13602187377
13602024864
13920471928
13820820655
13512018185
13752254868
13802040148
13802066939
13820009186
13820536681
13682002312
13820546789
13820181695
13512098912
13752089058
13802186815
13512956414
13516263655
13602016618
13920177430
13920692956
13702169098
13602134147
13920278463
15902201733
13820143376
15822376523
13820371878
15822303702
13622032853
13752110107
13920485503
13612088331
13820291581
13702058132
15822325222
13662176539
13821788277
13612125198
13902000705
13820243777
13920165824
13821745722
13803059134
13672009573
13502095716
13920802938
13920490403
13820051883
15822371373
13752529794
13920836362
13920330555
13752301332
15822869058
13612079768
13820066022
13642195040
13512458805
13752441548
13502016108
13820610511
13752079719
13820151887
13820402224
13622106640
13920598844
15900299140
13821272525
13820718328
13752650265
13920522279
13902119373
13803098156
13682129590
15822098338
13820349793
13820146484
13920914678
13920835300
13652159998
13752260709
13502004847
13602040286
15822095758
13820515703
13920805551
13920132377
13702127105
13512083722
13920281624
15822900751
13672119322
13821497482
13902008701
15822563960
13622032106
13622156715
13512037948
15822166430
15822436762
13682155643
13602089533
13920527423
13820095565
13920096167
15822459891
13820165982
13821299222
13512906601
13820663995
13902115833
13821809847
13512458142
13902170818
13902015652
13820883145
13702155720
13902065227
13652104098
13821850373
13642034782
13920897845
13702016250
13820420683
13802056850
15822507153
13821859635
13820766990
15822545164
13821852173
15802200648
13920253743
13821579275
13702006618
13512286138
15822645468
13820224105
13820307140
13920369088
13820344479
13820106895
13820087490
13752272828
15900256390
13920425747
13602104411
15822514630
15922255578
13752757049
13622000268
13512090527
13820081197
13820813274
13920848890
13820657567
15822037359
13920233111
13821429280
13920962369
13752069512
13920935841
13821594610
13920911028
13920117297
15822676464
13820523237
13820897601
13512281622
13820923790
13516264960
13642086496
13512927243
13820602852
13920821198
13820265589
13516199505
13820669685
13902098748
13820558683
13612133565
13820346019
13642118015
13820020351
13902177322
13512439611
13672084226
13602055412
13502158858
13752119900
13820466077
13682034518
13821999961
13820561391
13820471881
13820057662
13920468618
13820315664
13821733423
13612115756
13802108563
13820398514
13602107082
15822398247
13821164029
13622031945
13516152264
13820108219
13502084090
13821303232
13820419668
13820360874
13820556366
13920304064
13820106559
13920499111
13752635779
13820349328
15822160080
13821672175
13662181442
13642178520
13820417341
13820122201
13602193465
13752390312
13820186752
13821723373
13920746731
13752636495
15822158269
13702015833
13752798962
13702157619
13821337085
13672124778
15822415473
13820775651
13820261610
13920104303
13622187313
13920688985
13512070011
15900200522
13821161786
13662182219
15822881547
13512256321
13920191082
13920800889
13920817326
15900228972
15900208066
13752209098
13920101545
13820651012
13820419928
13920734813
13920821406
13612036281
13682051212
13920809494
13820696272
13602099596
13702151060
13920061473
15822695655
13920894917
13512999753
13820662005
13820413171
13752393975
13920549996
15922032361
15900359628
13920195316
13821651660
13612154793
13821061798
13502183112
13902088803
13820210034
13820876028
13820867240
13821225393
13821197292
13920719740
13802166736
13602116569
13502049238
13502106887
13820366990
13752694522
15922011016
15922016380
13820388332
13702171757
13821482578
13920822385
13920042655
13820998229
13502103521
13752302745
13920457168
13820804946
13820096890
13920067441
13752633351
13902033326
13516199600
13920729999
13702097752
13820720708
13920850817
13821898391
13512854027
15922095358
13612157903
13920154837
15822076910
13752499986
13920645374
15822167126
13802146085
13516263502
13820307253
13672032299
13821827803
13602122218
13821654766
15822912000
13662025610
13502126913
13820581660
13920933191
13820823064
13702078199
15822984527
13516263513
13602007986
13920264251
15900242998
13502153597
13821261806
13902118691
13642172194
13502064920
15922184703
13752729524
13820601980
15822657048
13920688655
15802261349
13920047145
13902123636
15822794857
13820589112
13820406841
13820775758
13902023523
13672034638
13821000622
15822998426
13512982054
13820347828
13821471238
13821697265
13820601256
15822695873
13820786312
13752601888
13920013596
13920806804
13682036090
15822303866
13820845789
13821044273
13702012836
13602035588
15822782530
13612118455
13502140023
13662163148
13820473702
13820945610
13642183296
13602150011
13802157500
13821701819
13516204059
13642053360
13642019151
13802120499
13662043259
13820268888
15822125631
13821215689
13902005598
13512291091
13602162347
13752469288
13803097999
15822040795
13502006339
15822148677
13920825267
15922253502
15922087936
15822492828
15822303766
13512213158
15902212048
13920368808
13820402949
13902100636
13512917100
13820091169
13802193338
13920828029
13752189526
13820610391
13820124862
13803040207
13820561100
13820090860
13820480686
13820448071
13820762693
13682029277
13803084735
13920825678
13652002610
13502150269
15822042352
15822394132
13820488415
13642183617
13920485090
13920638056
13821124636
13821778365
13602004588
13662195331
13820063934
13820408960
13820985826
13512841214
13820466222
13672198063
13920020220
13821367537
13920380249
13820940788
13702180035
13821195688
13820662135
15922224198
13752026341
13752073678
13820456796
13622145727
15822286927
13622034395
13821440626
15822926966
13902006986
13920758961
13516260313
13702188991
13502197420
15822709685
13622084826
13752003852
13512841489
13512082567
13803060383
13602182596
13920125288
13602101699
13802061198
13622098992
13752365572
13622154466
13752770006
13752661221
13512908333
13802008945
13502128876
13652022751
13820256773
13820414176
13820220033
13702002829
15822341270
13502163151
15822021928
13662141027
15822645150
13920316140
13820008088
13902187530
15922003269
13512091138
13920017661
13512460884
13920108378
13821114567
13821561325
13820880347
13920588245
13920475163
13512407482
15902256662
13516296888
13820415555
13920485707
13902017048
13820566532
13920792638
13920035781
13820258175
13920318327
13803038868
13902037637
13920458890
13642021048
13920858937
13821430567
15822314226
13602091586
15822546552
13820891901
13502022514
13802123376
13821792205
13920922322
13820258727
13920000040
13920381171
13512220243
13821170562
13920132871
13821518906
13622011407
13702155201
15922021425
13920216088
13920265224
13820040886
13802065296
13752682002
13920818163
13820721171
15822045150
15822536800
13820454289
13920668163
13821455964
13920536903
13602184942
13920955187
13920417469
13512039283
13920649126
13920308308
13820194851
13802096809
13820599073
13920886163
13502134680
15822169447
15822642526
13821158574
13612126382
13821629440
13803053138
13920516074
13512493440
13652167714
13820787721
13920833750
15802257065
13652021748
13612136779
13802082138
13672181059
13702101011
15822226397
13920820178
15922118156
13920441190
13802110717
13672071663
13820094368
13821754897
13902154962
13802027131
13820305799
13512905891
13820476512
13821746771
13920836157
13802072885
13802145255
15822934433
13820226932
13920401291
13502199562
13803023327
13920375897
15802237319
13820342309
13502006223
13652193415
13682090791
13920706888
13820590812
13502111186
13820891358
13820299856
13820557327
15822394967
13902130818
13820268048
13803089981
15822848675
13652014334
13802161607
13920777989
13803041756
13602195033
13752251330
13602095872
13820358878
13642185675
13920311154
13821013464
13821056780
13502144350
13820460840
13752078247
15822898533
13920350787
13820514238
13642062756
13612080085
13802164120
13920252898
13502061928
13920329625
15922281005
13821464466
13821316715
13602040298
13920424257
15822890920
13512488336
13802155576
13702125678
13682110915
13622035796
13920395593
13820682019
13502156328
13920393999
13516104328
13512902543
13920005858
13512934829
13512088327
13820803200
13902011019
15822096613
13920779711
15822886495
13820304253
13920160893
13602156057
15822899115
15922212221
15822649687
13902036854
15822158178
13662153853
13920306698
13502156312
13752540140
13820688112
15822766500
13902115991
15822722418
13672104961
13682103079
13902017958
15522374138
13820536342
13702025940
13702054033
13752446531
13802084836
13802123621
13802184428
13512497847
13702157915
13612195963
13820374300
13502165980
13820302813
13652089679
13820585433
13512200283
13802125135
13920781685
15822390621
15822353483
15900312990
13802161301
13803049091
15822367200
13682047211
13702083925
15822219418
13821071237
13642136029
13622106916
13821677674
13821779787
13820896647
13820291077
15822898873
13512494025
13920759876
15900204810
15822305009
13920086441
13821177962
13820099179
13820916395
13702033957
13821066926
13516195382
13702096446
13820691985
13920410062
13920201063
13821119285
13702162897
13902195678
13752685618
13902000977
13512060216
13821267569
13682084685
13820341681
13752572330
13920367893
13820902836
13820383808
13820033990
13920493329
13820480290
13821745928
13820840088
13820231593
13662130049
13802056253
13502027040
13512439363
15822947648
13802117900
13752059069
13820962943
13920053807
13821653388
13820666383
13602083804
13502090023
13820305129
15922109539
13702049175
13920026418
15822923237
15822312669
13602035726
13752044393
15822214700
13752779009
13752311739
13512961481
15822899973
13682168285
15900235948
13820368654
13702035098
13820770316
13821167071
13820786597
13502110391
13920011213
13820024459
13752379761
15822291352
13512930869
13672123626
13821552558
13502167611
13920244854
13821217521
15822620028
13752005833
13920971637
13512441752
15822851833
13802013400
13502036899
15822221474
13702103913
13821143992
15822334800
13702145816
13512499869
13702070467
13512935570
13622159136
13642183360
13820586954
13920713517
13820911688
13820236928
15900285788
13920791326
15822466405
13820802000
13612199661
13821047679
13622033089
13820369341
13512086728
13820050165
13920991721
15822660439
13512907087
15822298700
13702122700
13820076787
13752559912
15802219174
13802098170
13512247151
13752400096
13820283819
13920579294
13516126795
13820412346
13920267976
13512921133
15900241891
13502178836
13672102446
13920225633
13920634814
15922251579
13920644474
13752184179
13920461191
13612075527
13920850755
15900209072
13752094503
13821763392
13803002303
13902190998
13752264852
13512008661
13820844684
13752071975
13920712215
13702026112
13602090638
15822033011
13820811400
13820187840
13752405399
13920032898
13920619843
13820514400
13602099194
13920969410
15822548821
13602058784
13820881756
13820559145
13820883706
15822045388
13803052015
13821917220
13602154009
13820802245
13820588570
13512854209
13516131299
13512001801
13920599540
13516290376
13920034075
13821750970
15822343151
13802028377
13802123888
13622068376
13820306816
13920380244
15822170974
15822298756
13642147318
15822548180
13622122382
13820739388
15822415536
13702042396
13920457570
15822214161
13512209696
13920340944
13820488439
13602051956
13920625674
13820990839
15822152582
13803082569
13642154648
13502064786
13821550988
13803006253
15922097799
13512815708
13702109655
13821793175
13752734541
13820865702
13652156811
13920248540
13820866403
15802215699
13612122059
15822697345
13752098280
13752636120
15822319773
13902167346
13920636119
13682129697
13920376843
13512263457
13920232165
13820525201
13820196389
13802100509
13752182134
13702182163
13752799911
13672094322
15822452958
15822623107
13920016520
13512465823
13802123395
13612126578
13920995114
13920584139
13502067532
15822434713
13820792681
15822067745
13920814337
13920515215
13820487597
13752010054
13752001715
13920041524
13642197911
13672020130
13902035706
13702167312
13516271371
15822492977
13821645983
13820462701
13821119566
13821816666
13920042389
13820246182
13702149499
13820105801
13752007828
13702035558
13821571257
13802161553
15822976160
13902191510
15900301869
13920929928
13512056857
13752450539
13920546244
15822303754
13820220555
13512227704
15822763603
13652048547
15802282262
13820845333
13682151577
13702059180
15822860788
15822210103
13512932385
13902184185
13820404395
13512270567
13662133263
13920649942
13672023086
15822131204
13512943270
13821261097
13920488008
13920069967
13702142507
13821334666
13702195926
13902155951
13920236130
15900305537
13502020165
13820819169
13920055077
13612151677
13512910801
13502188850
13920779449
13802180239
13820701626
13642069268
13920965066
15822535495
13821196624
13902035755
13902122176
13752366580
13920839511
13820674627
13821161236
15822646338
13821292384
13752569930
13820612462
13920525967
15822951670
13821516921
13920754615
15922170013
13820052385
13820294286
13820097913
13920670616
13502051969
13802155686
13920580328
13752375476
13512469129
13652015171
13512089586
13820828738
13920609844
13803085758
13662135710
13920436757
13622180587
13902043288
13642166510
15900270468
13752421744
13902060107
13820699448
13902023893
13820445566
15822910540
13920141505
13920952407
13920550271
13502056895
13512223386
13821133836
13803008800
13516187296
13920659124
13920603849
13821605447
13820654260
13516162157
13920571233
13802187956
13502016811
13652004911
13820293469
13920317621
13602189212
13820880499
13820305663
15822032929
13920754636
13602114402
13803024955
13612103527
15922256572
13602174734
13702195080
13820292505
13820286759
13820440633
13752497245
13752375947
13820403848
13821846328
13512499498
13642123877
13821570439
13820262000
13702184270
13752066199
13820680608
13820546293
13920731524
13802152518
13502016021
13820480818
13512489142
13602137263
13902033288
13803056666
13920540584
13502079282
13820582148
13820962194
13512294287
13752448142
13803006966
13920244775
13821168272
13920573991
13512980119
13512052312
13820161506
15822290671
13820779784
13821820638
13612137837
13902079626
13512009999
13516213159
13802181921
13820519885
13820130900
13752793830
13820678098
13612080193
15922122140
13512217515
13820543680
13820122283
13820389999
13512049263
13642048569
13820525094
13512979963
13821033835
13702088451
15922061872
13821671867
13920789281
15922219098
13622030062
13920150977
13920367798
13820944002
13820380603
13820703601
13752279789
13821747096
15922163710
13920474839
13803087751
13820567004
15822294978
13820891165
13920314597
13920911899
15822331781
13642185837
13802036528
13803007870
15822389309
13820166797
13652106049
13752795011
13820076610
13602196038
13702126986
13802038818
13820142774
13920971367
13820759093
13821768328
13802125521
13502103339
13920476546
13920642641
15822349294
13516256397
13752146450
13752325220
15822197775
13602126238
13821672921
13652046153
13512072001
13920224020
13702125084
13920259536
13820832395
13502118437
15822336626
13502160553
13902108606
13512465941
15922003791
13702072728
13820738408
15922004060
13902098472
13612107646
13602188023
13512490105
13820157911
13803048869
13920845577
13622072311
13612112207
13821523758
13512055365
13820220700
15822513445
13902119922
15522349778
13920757554
13516247497
15922134157
13752266763
13820500158
13820201558
15822660777
15522147023
15902270702
13820122222
13820465702
13672050823
13642132956
15902220078
13512467400
13820247917
13602080587
13752027741
13902008245
13821764599
13602139798
15822298924
13920490648
13821844843
13820663908
13602016033
15822368244
13920316207
13820261000
13821109102
13612165715
13821260652
13920809597
13920897004
13821986800
13802105885
13602026582
13820398528
13820009818
13512494101
13820810432
13920535388
13512423656
13820313871
13622039236
13602049845
13820303046
13502105065
13752088557
13820185770
13820888822
13622023980
13820933332
13820587517
13920188241
13820184056
13902151240
15822459732
13512493903
13821369293
13512465440
13612072518
13821991651
13920007738
13920907770
13752609959
13612155679
13820397285
13920414185
13602180864
13803057871
13821950002
13820100290
13702034172
13820009823
13802134353
13803077391
13821117825
13652017017
13752150834
13821817895
13820778999
13512220739
15900316828
13502128407
13902198938
13902018939
13820291001
15902255237
13512251245
13920378801
13821353858
13702045787
13612007667
15922039692
13920715617
13820737575
15822656863
13702135434
13516114640
13821080043
13820389556
13821868980
13752201663
13820088555
13802066040
13802182333
13820818978
13820663465
13920008888
13512404887
13602099753
15922202766
13502085082
13512261267
15822039923
13820303982
13752112560
13820736161
13512254883
15900258191
13821065613
15922240616
13820031925
13821847184
13602158139
15822469798
15822578435
15922003316
13920300080
13702092315
13752724493
13752490877
13642172848
13920042287
13502023046
13820419215
13920424020
13820405300
13516269524
13602112938
13802195767
13672099149
13662019221
13512231259
13820605784
13512239180
13820191774
13702188285
13821692879
13820336652
15822868686
13902171705
13652106479
13502010032
13820882931
13802188743
13803053556
13920194495
13820755869
13820508919
13920953433
13920423780
15822347499
15900332699
13820097763
15822405818
13821750848
13920539256
13682076817
13802012442
13602024872
13802013735
13920752190
13612165994
13642130354
13752410197
13920253179
15822972443
13752228337
13512845938
13612158361
13820367137
13820071098
13802197075
13821232510
13820525080
13802099558
13920450924
15922112529
13502122858
13820565598
15822547990
13920326800
13821029628
13920609939
13702042020
13612113926
13820882786
15922252576
13820513089
13516214173
15822040797
13920960039
13512844639
15900200529
13920239195
13602078269
13902141755
13802065006
15802233259
13820043810
13802049596
13502152257
13682157858
13821053142
13821551508
13612016628
13752090194
15900288971
13642114230
13820989023
13920215769
13622001971
13752588678
13821789575
13622057310
13752363340
13821346788
13502133636
13821650090
13821397835
13652033201
13612019299
13642081908
13820791087
13920480345
13512293943
13920621467
13920454020
13602163111
13512088754
13682024323
13821521586
13820781180
15922178001
13502117576
13820983686
13821457404
13802126232
13820167317
13820583813
13512060798
15522102460
13821312023
13820097402
13821997116
13820433105
13752716618
13920208185
13902187967
13752573734
13920196544
13516216028
13672186223
13612137212
13803058065
13752434333
13920664932
13820823741
13820840033
13820709620
13702195185
13512484516
13820410292
13820603794
13902012352
13820669699
13821726419
13820588260
13752532224
13752171885
13642100699
15922064696
13820806575
13821547968
13752368480
13902113500
15900262636
13652138120
13602191301
13512429572
13820971404
13820535839
13602168880
15922110288
13820147379
13752603999
15922124548
13642169958
15822803582
13702129792
13820189858
13512055795
15822513714
13821528587
13612109474
13920806272
15822798598
13920284702
15922120957
13821367832
13702094270
13512089523
13821754500
13512433237
13622013415
13512491501
13512270868
13820918739
13920091295
13752117113
13821644476
13821140729
13920969525
13662060036
13820286580
13512405639
15922047459
13820564825
15822538183
13820087487
15822899223
13821096427
13622153545
15822343889
13821069209
13662171144
13802109301
13821075443
13820298730
15822319810
13752035662
13702000663
13902117879
13642153489
13502102006
13752083698
13902090782
15822856664
15822741752
13820424825
13902077886
13820480338
13820605225
13920180418
13821620541
13821158988
13820019378
13821455277
13622060920
13920340483
13602044804
15822737465
13512423922
13752673024
15802254674
15822040377
13612046311
13920607868
13820677900
13612077577
13622091189
13820734525
13752230432
13821046119
13821726509
13820555983
13516265771
13821576272
13820398226
13802125728
13920665598
13920275555
13652116875
13820197321
13902140468
13502198517
13702141756
13820698095
13902063664
13682095790
13920471614
13821810630
13602150586
13602159291
13512839281
13820352356
13820499903
15922029625
13803066876
13821015988
15900228517
13920916702
15922029998
13802124766
13820158037
13902184046
13920449196
13920869800
13502137553
15822164642
13752113540
13512273748
13902155126
13821158244
13752303504
13821294390
13602192925
13802116057
13920513261
13702169615
13512099865
13516137856
15922077069
13820450878
15822115000
13502086668
13516160305
15822362121
13920660303
13820090898
13821187158
13820893999
13502085959
13920416760
13682113636
13602000448
13820630771
13820566589
13820432027
13702003695
13820681564
13702026946
13702171922
13820906310
13820292838
13602038195
13622016768
13820909273
13672040315
13820881151
13682085951
13820381650
13622197054
13752542476
15900207110
13802187122
13920899969
13920294155
13642096404
13512211122
13752472622
13752423637
13920363107
13512832433
13622117569
13602034366
13516272434
13820768687
13512222009
13602086218
13702022377
13920375049
13920690758
13820652664
13820435600
13821247912
13920790909
13820747217
13702078146
13820261737
13512842010
13752124090
13682133214
13820976240
13820448398
13802187516
13821672357
13920417441
13920608659
13821833514
13642065132
13902028616
13672042134
13602121777
13752161406
13672137115
13820335212
13602196585
13672099404
13902070902
13820383088
13702155050
13920682778
13820888728
13820468636
13612040879
13752397160
13752511635
13802124085
13920131913
13752045283
13803017438
13702010073
13820502368
13920827229
13602098810
13672070333
13820418599
13612053009
13920417788
13512019761
13820127257
13820753552
13662050524
13662154728
13820315437
13682072847
15802254882
13820462663
13820480560
13622154298
13702154086
13820241064
13802011298
13502172532
13820406017
13642065699
13516203228
15922004338
13752146422
15822426255
13920113883
13820368766
15822861739
13642148519
13920276179
13920452041
15822954691
13920518001
13920073898
15900203111
13920755666
13820846958
13752155987
13642181751
13821141798
13752642988
13920550265
13622109944
13802189888
13802089963
13612195383
13502064376
13672183106
13802014122
15822028490
13622017278
15922005523
13502044570
13642196319
13920447622
15822302294
13820380978
13821041543
15922019633
13820860492
13502118066
13752199857
13602034849
13802081436
13920656927
13802042397
13820730499
13920315204
13821259463
13802021008
13622008781
13752281880
13752129362
13516192083
13821850290
13820011200
13502134730
13602142805
13752450967
13802093500
13920403937
13502001340
13820600595
13820148058
13820440517
13512950443
13820863853
13820955732
13820941886
13820281204
13602003232
13820888150
13820490853
15900282777
13602063131
15822039912
13642192200
13920221885
15922239808
13512222614
13502081739
13820234586
13920612541
13752221761
13802138099
13702109837
13752333593
13702151907
13920391884
15822033550
13820016220
13920823750
15900226969
13920846571
13821763548
13512483892
13502139361
13820740824
13820931782
13652001862
13920054011
15900240608
13642003308
13516129588
13702162450
13920992234
13820819089
13820353996
13820987654
13672140689
13802050250
13820384352
15902257789
13602085189
13622084000
13672001588
13502069199
13920027910
15822659815
13602141713
15900351191
13802118406
13672117794
13902097463
13820041073
13902098457
13802040786
13820077572
13902010432
13512231203
13820080827
15902293746
13682143687
13802023888
13502035950
13752458209
13920363185
15922015933
13821535494
15922004797
13821352818
13702126606
13602001756
13602016643
15822876598
13602091002
13820785906
13802111164
13920831143
13821691999
13920938226
15822055363
13516109261
13512070665
13502113668
13682079110
15822254292
13752479006
13702155561
13612128112
13752357780
13920199548
13752452561
13820344413
13752541760
13752632013
13702032899
13602074207
13803050911
13752485113
13502000315
15822650031
15822861100
13752766559
13820687964
13702043752
15822400246
13820987266
15822898895
15822233145
13902064010
13502037023
13752661933
15822638544
13920106230
13920638334
13920058948
13752050180
13802178891
13821852618
13821253219
13702032233
13920525220
13752312834
13821324839
13622178446
13602051422
13920717485
13920456789
13752627380
13752650732
13920233118
13702109970
13920228513
13702186028
13652163524
13820201405
13752690478
13682082903
13702078116
13920842615
13821496100
13672056961
13920277434
13920416787
13512932470
13820483223
13820520769
15822425439
15822318026
13602063531
15822137599
13802196593
13821153680
13702131356
13820348450
13820487997
13502017128
13820388588
13502128166
13920702872
13820333078
15822129825
13820531624
13920811076
15900281107
15822394491
13602109759
13820335912
13820589728
13920167205
13920839579
13821898449
15822282486
13920454174
13821250089
13752452178
13920646626
13821928538
13752109002
15922193468
13920005806
13672046064
13821206068
13752633086
13820936660
13752004155
15802264990
13602100864
13512473031
15822148912
13682124058
13920988647
13752339240
13920770998
13820531510
13820307286
15822357609
13820619816
13622025637
13820439101
13821981124
13502150470
15822433632
13920331771
13920252634
13512079651
13702111218
13752684811
13821923966
13920898425
13920675623
13821462619
15822340627
13920538389
13820331328
13820758333
13752609237
15822236256
13802186132
15900376632
13821330682
13642049553
13642008198
13820706535
13702036599
13622125674
13612036810
13803057578
13820088608
13602041455
13802038007
13920808101
13821050589
13920488350
13512932051
13702066088
13602161388
13702015574
13820202078
13920914779
13512098691
13820626721
13821348986
13821118978
13820119109
13612189431
13821482874
13752534030
13802005476
13502142768
13821459339
13602092850
13821735387
13820478446
13920547598
13920927241
13612044860
13662055487
13512490459
13820423965
15822721098
13820801255
15822303855
13512409569
15922102690
13820379137
13820562095
13821752634
13662184783
15922065116
13820655933
13821086628
13502088995
13820985774
13662012230
13820186863
13920747965
13820537758
13902092758
13920904222
13612192985
13602106725
13821590840
13820144201
13512461569
13820226008
13752281563
13602120068
15822427728
13512981795
13612084931
15822340893
13752599300
13512927086
15822456221
15822987082
13821278003
13821710522
13752084320
13502006158
15922004142
13702118392
15922053078
13821929984
13920603926
13821085492
13902138515
13920448839
13752092205
13821093978
13702119807
13820811468
13622027375
13512297333
13920742610
13502115779
15822426213
13820685671
13803013383
13516113494
13820087608
13821583957
13682141075
13752500553
13512040992
13820372799
13820315687
13622037635
15822618446
13820785316
13752313703
13512277985
13820477717
13622063929
13802053848
13682058357
13820840274
13662163562
13702082227
13622018169
15900269067
15822478668
13920026030
13602186988
13820211719
13702068129
13752214667
13752590665
13652091037
13820890445
15822548611
13752422728
13820905825
15822686909
13920457821
15822319731
13612007778
13820978521
13672024326
15822214052
13820069863
15822526914
13602032004
13512970849
13752149883
13920018959
13502113662
13802029812
13702109958
15822133966
15922268648
13802130113
13820350536
13752571117
13920120033
15802244469
13820556198
13902183092
13602000679
13820156589
13820559886
13920343791
15900284630
13920755624
