Msg:兴化皇朝、顾家8月11日举行销烟4（折）起让利活动，买壹万送肆仟，超低特价，预存定金翻番。中现金大奖（江浙广场82999008）【皇朝家私】
PhoneNO:
13701695658
15861062678
13815908800
13357788368
13625192369
15861086966
13611997192
15921490656
13952643380
15852891802
15861054245
13814497382
13921215927
18606101308
15195262705
15861085147
13382563686
13952633138
13812579023
13952646999
13454060865
13817458688
13615182088
15152678822
13852894188
13775701817
13852895791
13814499588
13906588458
15052405888
13601870391
13814492829
13921241086
13961093588
13391983291
13852419099
15861048666
13951085328
15075566158
13564561066
13645155588
13952609952
13625198566
13182228758
15189958188
13501994279
13961088125
13285248856
13921714218
18275377618
15861054530
13327787073
15052355090
15952699333
18961062358
15952696590
18961051610
13852686448
13615182028
13952607906
13812380898
13816838003
13564092578
13961092889
13961056129
13122257019
13601478488
13921719961
15189963376
13092286661
15061063655
13775755902
13611694985
13774320258
15861040999
13327786000
15811553818
13585157688
13301706157
13852411805
15195242259
13911908927
13914432091
18912099978
13405547864
13861088346
13809072279
13805269448
13901424084
13775751236
18752667628
13004107175
13852643852
13621686103
13912094866
13585742570
13141521769
13338892630
13505269300
13801743856
13918848287
13961064499
13681730303
13764657094
15295260101
13122319433
15821115812
13003226626
13482153880
18918001926
13852646225
13601691402
13182217888
13961062662
15861088038
13485182239
13228735066
13913318288
13913303211
13327789858
15852983866
13816618617
13852891776
13601717613
13814495605
15952653135
15952687333
18905269488
13701426958
13775770142
13705265096
15651160509
13815917888
13961050588
13761785865
13301423526
13705269085
15052348899
13801724151
13852874615
13918568617
13505127985
13852872599
13852890366
13852650099
15896014999
13812479912
13961068998
13961052606
15152692709
18961050808
13641559828
13815908925
13914518888
13961092623
13852896199
13912098568
13812387722
15996637699
13961062599
13775772015
15094333268
15152689859
13775770777
13295262246
13852412282
15152682425
13775653700
13032573389
15800923879
18752667637
13961062966
15061062540
13816573625
15952665656
13852685506
13092226639
13852894723
15952664199
15952690230
13357788900
13914437972
13951155925
13179376848
18952688412
13775775197
13809019700
15161087151
13450962396
13182229685
15995665209
13236159198
15896043502
13852410260
13801479125
13295232999
15052363566
15261091019
13327896351
13073355297
13376018333
13961059488
13182217119
13775653533
13812477989
13914439069
13775757962
13852872813
13814492977
13338883392
18912128700
13758231760
18961053980
18914434956
13641558756
15952678355
15861060380
15896060709
13775757053
13402064285
15952640287
13626272747
18914512579
13814865056
13852682110
13040653186
13852413506
13812387669
13812384926
15052359686
13951152925
13625198870
13912095112
13852649199
13852649972
13775657797
13179425098
15896041036
13852896252
13522740033
15252686420
15952659236
13921719989
13611933153
13815916508
15996098550
13062968861
13775764577
13405548088
15189956636
13775654455
15190646177
13814492577
13775685781
13921718485
13337781475
13003303161
15295266208
13801478525
13809017195
15261097193
13961057989
13815911896
13775771969
13505129922
13338895218
13852411089
13961055188
13914512263
15821376891
13564234080
13062969506
13795330909
13611688993
13901423591
13852870484
13852681665
13951175123
13921719388
13616266313
13812381800
13801934617
13921717901
13382562303
15094335611
13382569448
13585979778
13818084280
13952616666
13641681898
13311650926
18905269295
18961771022
13636524125
13962363971
15195203887
13815906452
13914439209
13327758951
15906173211
15312370491
13817861459
13952632898
13961063723
18752646657
18606100552
13007773320
15295256067
13921059322
15052363608
13008215671
13852417808
13812380110
15952686539
15052834234
13852688963
18651557710
13022182985
13951146655
13773303477
13852410816
13918788708
15052838869
15952676929
13921716519
13921712459
15861054819
15996097992
15861052225
13809019335
13852416868
13073360373
15061058601
13338892563
18952685808
15189965111
13812380749
13338883638
13182247990
13905142786
13775657593
13365212826
13916690638
13683165049
13961061951
13914432149
13641550226
15861061788
18796745182
15312372207
15896000110
13961059333
13092221066
13162527988
15952605996
13382561220
15195247387
13961076565
15861060159
13182222833
13812380995
13961008903
13815907432
18651155270
15996091277
13815901090
18752657851
13906266865
15292561286
18952681319
13625190829
15052340243
13815915868
15189962927
15252695298
13812473559
15861066926
13651598577
13705265059
18951155089
15052823525
18605119576
13961076985
13921713869
15261094387
13852894487
15152697233
15861046488
13950052955
13905269546
13914435076
15861059577
13357784007
15195258955
18352615579
13914437911
18061063039
18361830308
13852416618
13961066220
13961062351
18961092212
15052362895
15052834561
13852410866
13913706921
13852410999
18621183668
15052823636
15861086268
18936808510
13914519936
13092227288
13815907118
13179374598
13852411905
13775653930
15189948993
15861051701
13705269879
13952696596
15052349118
13182221166
13236153888
15351594111
13401210646
15152698203
13852418856
15052359988
15852988328
18914435935
13773469256
18627024444
15061061798
13852681839
15189944333
13670520666
13775751108
13916364609
13852415363
13588845855
18952688333
13905269021
13092288386
13701860416
15952690353
13382560650
13775758078
13961057555
13505129321
13775655718
15996044978
13812389048
13913876999
13801479246
13505266095
13816277362
13301424688
15852989999
15952678338
13775776712
13961066193
13905269548
15861041760
13961004959
15996092231
13775779788
15052360861
13818250743
15861048360
15896044300
18994688556
13683049529
13858089684
13166385877
15052351895
18361430368
15062633515
15301423868
15312380131
13295245688
18961053818
13852879783
18951155058
18752658005
18252633806
15952647638
15952691383
13775700058
13705885943
15861086521
13228747558
13852871872
13625197722
13625191149
15094335259
18752640448
15952670788
18252624099
13815909568
15189956566
15913746452
13775655025
15896008143
13182222888
13852416876
15861066099
13295248994
13905269856
13705264359
13505129555
13852873211
13601479325
13228734928
13196932905
13815916727
15195261128
13905269025
13914548706
15861065999
13961051199
13812380275
13952609280
13661479208
13228732197
13901424330
18961051568
13775756918
13775775365
18752509366
13338883366
13505269510
13866671699
15861040180
13852410880
13182456985
13801424033
13901424811
15952645669
18912095019
15852806707
15252672019
13365210188
13862284191
18014519946
13852410900
13852685646
13852682561
13641556755
13775656725
13852870778
13601479818
13901424029
18252635222
13701720498
13852876838
13912097606
13961068080
18961058886
13815918959
15094330516
13382460659
13961059716
15952679948
13852682299
18936802686
13775752358
13961068878
13914513679
13961093023
13814498326
13505127759
13775658191
15861049989
13951155502
13062968980
13952646438
18961008511
13961064512
18952680612
13914434548
15252574484
13961068966
15052345188
13382568922
13961058558
18252672968
13567434015
13852682212
13855380146
13822177730
15988151716
13285228266
13815911450
13805269181
13301559555
15952682720
13901823024
15152601598
13812380888
13852649418
