13367086192
18970070188
18970026816
18970992033
13320115339
18979172293
13320019196
18970083869
18970912333
13307091325
18979129274
18907086595
18970914508
13361621853
18970065548
13330062165
18979102145
13307913891
18970080000
18979129539
18970996527
18979171803
18979109002
18970071181
13320014647
18970092236
13317000794
18970087880
18979129294
18970800231
18970034933
18970822600
13307007177
18979171220
18970062667
18970908503
18970838840
18970803298
18970836186
18970026125
18979177069
18970050825
18970038848
13330076004
18970079319
18970028234
18970862200
18970905848
18979170245
13307002017
18970026000
18907006699
18970015166
18970968792
13307918619
18970992896
13307093656
15307910308
18079101111
18979175711
18970958877
18970976333
13387006848
18970010028
18970836127
18979118179
18970055268
18970994265
18970927992
18970036598
13330100170
18970079669
13307086768
13330070369
18970048889
13307911263
18970927644
13367085333
18970091181
18970058681
13367008882
18970900111
18970815858
13317912099
18979124906
13320012090
18970922008
18970045049
13307918820
18970888055
18970965778
18970816668
18970087147
18970877899
18970922985
13361710592
13307001998
18907097075
18907085973
13367009527
13330077116
18907089850
18970037715
18979109510
15350115907
13361620517
18970021199
18979121030
13307085096
18907009956
18970041308
18970063117
18979111919
13307095007
13307916297
18907096615
13330085550
18979171667
13330078502
18970805050
18970044401
13307006692
18979113816
13330071818
18970026618
13330118978
18970091695
13307080889
18970817258
13330088850
18970049858
18970938088
18970913192
18970881798
18970822866
18979172329
13330095937
18970021014
13330083006
18979125217
18970025312
18970088885
18970995027
18970890397
13387000078
18970962929
18970821899
18970978601
13307002851
18970961378
18970866603
18979153270
18970890938
18979173218
18970827119
13330089989
18979100146
18970067263
18970085174
13367086969
13307091165
13330101989
13330072899
13317916383
18970022159
18970927704
18970811918
13367007226
18907009669
13330066667
13319415292
13307082323
18907007966
13330088099
18970995152
18979155382
13367008201
13330097567
13330081166
18970835798
18970818859
13320111717
18970851080
18970097543
18979125140
18979107922
18970819898
18970991388
