Msg:因台风影响我市，为保证学员安全，接上级通知今天围棋停课不上【文体中心少儿培训】
PhoneNO:
13914030453
15862423887
13776089925
13771757943
13812660237
13814873279
15195667689
15950035735
13401437938
13584882585
13912143640
13812631652
13862411153
13812642761
13962515891
13915592361
13913169072
13913110636
13862173396
13912788925
15051419220
13004587973
13915420463
13913552968
13912639954
13812784397
13915401001
13915437858
15950080633
13913562074
13162506258
15716200129
13912619044
13862001026
13511609726
13862567425
13776121214
13814859076
13401466605
13024581011
18914071898
18962186228
13815255693
13913539835
13073318935
13912623086
13862024452
13915411115
13962183936
13606138112
13584848342
18913129730
13862148583
13913135875
15250050918
13962136727
15906133841
13584853681
13402505481
13862100644
15862410684
13915417976
13812684840
13812614114
13812655630
13912636656
13912782010
13913509067
13771953792
15051535713
15850000919
13222247078
13584848489
13912627322
13915414732
13451546631
13862034507
13812763013
15150403970
13402670362
13962123706
18952401785
15850196774
13951119692
13812666523
13770715441
15150455538
13141853888
13771684326
13912784116
15850180255
18015417488
18651103291
13914037615
13913100253
13913148010
18994430226
15862321648
15895560399
15895560366
13915500683
18913175691
13914040861
13812698681
13861319666
13812791361
15862391252
13402557880
