尊敬的顾客：今天是您的生日，在这个属于您的灿烂日子里，复兴商业城恭祝您生日快乐！阖家安康！复兴商业城愿与您长久相伴！【复兴商业城】
13401188771
13439579383
13439909003
13466556478
13501309378
13503251852
13511030076
13520037798
13520080580
13520183880
13520249349
13520583803
13520724210
13520927483
13520956015
13520969811
13521247188
13521334941
13521369346
13521667406
13521716876
13521807218
13521855111
13522190049
13522568405
13522950656
13552116239
13552427465
13552551661
13552566364
13552979722
13581508020
13601057961
13601239689
13601365514
13607462139
13611007107
13611026222
13611055468
13611184737
13611197773
13611221414
13611266611
13621075133
13621137718
13621313400
13621332669
13621335891
13641224580
13641341602
13641365811
13651118696
13651177920
13651233322
13651298537
13651338154
13661028946
13661074788
13661265441
13661279821
13661282409
13671123604
13671355316
13681016870
13681091283
13681160947
13681256826
13681423215
13683177611
13683225626
13683302816
13683643188
13691136599
13691178495
13691238206
13691291360
13691362894
13691380594
13691440415
13691512702
13691596433
13693094164
13693586811
13693595009
13693620827
13693671053
13699217585
13699246357
13701007800
13701014165
13701034050
13701289304
13701319064
13701373028
13717750037
13718190313
13718272357
13718900651
13718956196
13801011780
13801072280
13801178589
13801179992
13801218064
13801362405
13810214376
13810347148
13810362960
13810379963
13811397202
13811495579
13811569847
13811915561
13832662272
13846294561
13901025249
13901091473
13901142152
13901320771
13910095901
13910209624
13910394958
13910783508
13910830503
13911100560
13911580771
13911674472
13939597578
15010360669
15010925199
15011210335
15011407747
15116910103
15120027470
15210249799
15710098710
15801300078
15801502503
15801565030
15801675580
15810618969
15810666499
15811416868
15901210539
15901539391
15910511705
15910626668
15910690069
15910726645
15910885493
15911125765
18210123886
18701062520
18801375165
15910231561
15801450812
15801368648
13932654527
13911778586
13911753925
13901191979
13901043994
13901002515
13811968489
13811933430
13811797221
13811620752
13811209026
13810939610
13810771503
13810218890
13801246362
13801234836
13801105193
13801047811
13801036050
13911320615
13911265709
13911127853
13910981677
13910933098
13910713862
13910621608
13910621517
13910621495
13910605887
13910600060
13910275835
13910213440
13910090739
13801021963
13718596396
13718000090
13717568100
13717535058
13716788986
13703128754
13701388439
13701313678
13701237180
13701067890
13701054425
13701014215
13693587190
13693386617
13693347034
13693307017
13693294035
13693285882
13693248956
13693029529
13691579427
13691488396
13691419816
13691398569
13691238101
13691234827
13691225599
13691220731
13691012002
13683692509
13683538430
13683519078
13683376059
13683251591
13683183397
13683182982
13681596686
13681578655
13681515536
13681484885
13681386216
13681321102
13681313267
13681295027
13681208663
13681124649
13681093236
13681073716
13681071766
13681031578
13681008622
13671044328
13661333766
13661275703
13661007026
13651381691
13651377896
13651257294
13651256387
13651245753
13621033208
13621017857
13621011176
13621007221
13621004336
13611181840
13611126429
13601325807
13601278564
13601275202
13601265396
13601229748
13601211063
13601201783
13601180467
13601159457
13601136799
13601072637
13601029000
13581924496
13552766671
13552603802
13552150230
13522834455
13522318696
13522178519
13522100957
13521777032
13521216697
13521199369
13521119252
13521087118
13520957316
13520782104
13520644397
13520582380
13520562609
13520389071
13520291638
13501395631
13501385235
13501365925
13501347361
13501291043
13501273256
13501243372
13501198483
13501063553
13466311371
13439332656
13651228493
13651204914
13651142315
13651137510
13651101427
13651095793
13651055655
13651038465
13651015204
13641259793
13641182829
13641146605
13641127511
13641088659
13641075280
13625180022
13621369016
13621259869
13621211853
13621175231
13621120258
13621058773
13621040287
