Msg:年中大促：为感谢您的支持本馆特推出优生妈咪乳钙、鱼肝油、铁、锌、DHA、牛初乳打6-7折再买一送一！电话15250400644【爱宝贝游泳】
PhoneNO:
13771961413
18662491723
13962156836
15950029618
13584894600
18914091675
15051546206
15151511889
15850277169
13812671415
13776059883
13812618552
13913567075
13776109972
13862422462
18662284330
13862567949
13913516648
13914003986
13913175078
13004593064
13812785803
18913513570
13912611578
13656221853
13771810190
15365316454
13390882699
15995837852
15995899877
13812946533
18952451072
13776129057
13962158639
13402586432
15850077343
18662178790
13771942800
13812616461
15995861093
18915516897
13913595832
15862370981
13912601797
13771837561
13771906664
15962458829
13771795475
18913588009
18662338981
13812632382
18015557828
13962183989
13913585912
13914075070
13915748387
13771743152
13776118540
13451512323
13914005356
13913520386
13771947662
13771617631
13861333297
18051218228
13584885384
15995404767
13771882575
13611066994
15850208931
13862400291
18605129577
13862134167
13906200768
18626211392
15295628575
15995816809
13914066109
18662289812
13912768265
13806203786
13962119852
13701412025
13915501963
13915518293
13951116600
13771959400
13771716548
15195666399
13862128696
18914078795
18651149518
13338660113
13914065507
13951109496
13092678906
13301545369
13812610856
15062424989
13912610395
13771881295
15862521331
13771765302
13771788904
13646218736
18962134551
13584891966
13862113038
13912607503
13914069927
13451540302
15190081001
13921992108
13451620177
18662275850
13776050546
15850187938
13641777353
13862015220
13656230490
13701540185
18626299803
15850247010
13771751563
15995816056
13812640598
13914000179
13776013777
13812795458
