各位车主和驾驶员：交警及交通局各主管单位联合上路执法，重点查三超一疲劳现象，并整顿车容车貌。请各位驾驶员引起重视，切勿超载，超速！通畅客运【先行】
13467627569
18773125089
13973140976
15974212313
13723874268
13975810846
15874875249
13875816776
13974920928
15973153098
13975175076
15116250052
13574764079
13975131646
15874245430
15874107139
13548686698
13469447685
18711125821
13974944395
15084891021
13787119608
13723850420
15802558170
13875939710
13467686961
13787790085
13762636969
13637310922
13755174658
13974993098
15802633276
13548650795
13707499348
13787157883
15874847998
13974973790
15974243558
15874142581
15273683198
15802591486
15111201688
13807492072
13908489224
13755116319
13974851741
13907495510
13787042059
15802634833
13874946985
13974965917
13874932111
13687381828
13874935865
13973195880
13507450768
15873160972
13874900061
15084903195
13467624456
13508472359
13974946126
13755169090
15974115098
13574116915
13787780348
15874829938
15873132249
15211075518
13787804842
13975811243
15974268322
13755185814
13574157002
15084902212
13973131646
13755119855
13507421077
13975884173
13907383706
13874946081
13507472290
13548961072
13875969139
15073863299
13874966350
13975164900
13469085902
13974820181
13874974499
15084919938
13637475118
13574148594
13787137557
15802665524
13677360580
13787282367
13975889433
13975812312
13975855236
13787176638
13975137869
13517404073
15084787016
13974963194
13657431851
13973174084
13807215660
13974145521
18774802742
13872248636
13974954837
15874907213
15173808388
15074854160
13723863140
15073201962
13975885548
13755161010
15116307773
13574826894
13975156713
13574135168
13873123411
13667356203
13874814199
13974817012
13973214196
13739099926
13467689787
15200936176
13973194608
13808496505
13975835584
15084767820
13787994808
15874807992
13874887600
18711183593
13787794056
15974208788
15874097635
13875936931
13755022844
13786426838
13875856979
13974813220
13787215540
13807483042
13973276086
13975814291
13974877137
15974167005
13975811577
15802515961
13873074166
13973291294
13908496712
13875497799
