13400068416
13412423068
13417242808
13431506221
13452356782
13456964311
13466530963
13478916464
13500886923
13501188447
13501607950
13501701838
13502110055
13503728581
13505922810
13509710543
13509802822
13510776341
13515314430
13518206044
13522799618
13540605577
13548699051
13556072837
13556208151
13573683722
13579220606
13579983356
13579989255
13588629877
13589739987
13601679750
13605400546
13607680356
13609697337
13615919551
13616297989
13633535432
13637702557
13656139882
13656279061
13658367776
13658673734
13665121625
13666127203
13671274309
13687666398
13704309267
13704319655
13704813627
13705319288
13705813932
13705917922
13705948550
13706514272
13711052810
13712657272
13718879889
13729828191
13753115647
13756511988
13757685580
13758415962
13761884966
13780557869
13785719576
13798854035
13802394958
13804120697
13804267198
13806671205
13807818611
13808306979
13808652859
13809683450
13810004424
13810794042
13810856739
13810935972
13811011045
13813893144
13814090098
13816835494
13817094651
13817972662
13818819310
13823070828
13825488110
13827334796
13829466998
13831187960
13834142554
13835133697
13835589663
13838220519
13838920112
13840942418
13841498210
13844997311
13851674550
13851879542
13852139949
13857773380
13861985837
13863950017
13869195033
13871380470
13872803533
13873904420
13880846465
13889733933
13895613965
13899260333
13899999956
13902161121
13902822285
13902861810
13903034488
13903171030
13904187153
13904375797
13906109272
13907713665
13910051101
13910175428
13910278497
13910637960
13910768848
13910912091
13911860407
13913619678
13913869299
13913881286
13916149131
13916765100
13917250255
13917725688
13918227226
13918255767
13921653300
13922504168
13924647451
13926831095
13926924441
13927336199
13927959777
13931597420
13933808339
13935418180
13938368951
13939036787
13940451204
13940886823
13942802700
13944533465
13945651920
13946407789
13951318533
13953240717
13953374177
13954897928
13962322789
13962936012
13962986558
13963427254
13967712875
13967806829
13971549778
13982033029
13990029289
13994211637
13994598461
13994660877
13999978785
15003483088
15028434176
15029488176
15046599933
15099121082
15105808242
15143071134
15239998178
15242282989
15700401688
15801225370
15803359599
15804516646
15830954586
15842672066
15897380496
15901187240
15901213033
15902938139
15904611124
15908030234
15929960111
15937215177
15940094916
15941885166
15945678150
15997450593
18734929559
