8月23日前凭此短信到艾力波登专卖店，可享VIP大礼一份（价值168元波司登书包一个）送完为止！艾钰服装城146号【先行】
13548588346
13507452783
13723873382
13874950627
13469040035
13607441413
13723890631
13507421091
15974185687
15111447364
13647315318
13517473008
13517491580
13974912598
18229901263
13637422985
15200866843
18229487821
13974916148
13875877149
13973139571
13637318825
15073151368
15116279607
15973362216
15073155651
13617314494
15116322086
15111426136
13739062028
15802665031
13787071591
13647494455
13787006468
13951833079
15116280291
13875938810
18711167789
13548954503
18774831497
15874278757
18711157067
13975110516
13874897219
15874123305
13617492966
15874900715
15874156880
13677303355
15211146490
13755184095
13974884271
13974889120
13786113955
13517317209
13687349498
15973148190
13755016090
15116159436
13739052499
13508485247
13574861063
18774865986
13574188119
15874135736
13786140454
18273152797
13637481679
15111451185
13469319576
13808422759
13755014130
13808430215
13787118181
15873749817
13787105089
13549686997
18774885589
13574129276
13647418683
13875938108
13875521176
13786130094
13875835484
13647487898
13467609772
13549662884
13687300644
13874913086
18773125667
13974948805
13657312217
13908463382
13574845803
13974924580
13975121365
13975158709
13873189217
15111382560
13469027273
18874746166
13808430706
15973195746
18773266339
13787158748
