通知：稽查队正在进行价格稽查，请师傅们不论在何种情况下都不要在电话中与他人论价。环球【先行】
13975853890
15111042090
13874903634
15074858588
13875884048
13707486892
18874896268
18874884282
13787196349
13549655286
13548628788
13687336642
13875925613
15116321688
13808498284
13875839446
13974939427
13973175949
13574171592
13787236958
13975867752
13875909570
13469450376
13975846855
13548962628
13808435795
13755187640
13974895926
13507422521
15874208331
15874827513
13657311860
13549678807
13975872032
15274804168
13548550313
15084875200
13874952288
13975830649
13874980259
13507481042
13517311428
13874873295
13874863290
13874952343
13755189198
18774839968
13975131288
15074986255
15084898428
15111151804
13875963658
13874909667
13975872936
13907483708
13875848896
15073125800
15974295118
