尊敬的和协客户：凭此短信商标注册优惠200元（限一个月内），电话回复15674966660朱经理注册属于您自己的品牌吧【和协商标事务所】
13975311398
13707372026
13874151698
15874887515
13787480653
13549715172
15073584288
13487505470
13973808021
15107328481
18711196911
13974893321
13487595617
13487892069
13973406007
13467881268
13574242946
13974669575
13507461495
13873779813
13787822000
13787097155
13973162111
15173084386
15084708777
13973587077
15096302516
13548647861
13874310574
13973100611
13973669717
15007497552
13974528070
13973723761
15873156557
13875902778
13874287051
18773688588
13467677955
13973174963
15197133333
13975110948
13975578176
13874529603
13874944040
13511105200
13875954707
13707352998
13807380380
13974435085
15873131898
13467594528
13637398046
13974312027
15007390066
13873158958
13907317652
13762230137
13574112233
13574012211
13808455743
13786871022
13808477398
13549544688
13807328611
15869742548
13707315720
15873379017
13638424398
15807370900
13762479698
18707393366
13875636998
13755088707
15802569040
15116225218
13574588861
15074387999
13875514596
13875285289
18773000036
13789299003
13574128488
13975771890
15096252889
13874372802
13789328009
13467552661
18273364599
13874637850
15080998899
15074907008
15111440044
13907421329
13875826015
13548629390
13762593789
15898576886
13974913768
13755173796
13973451806
13574184491
18274297550
13508471911
13975638692
13873752059
13517311864
18711761302
13974723649
13907344379
15974159058
15973166366
13974773148
15211847828
13574087368
15873750888
13874912007
15116484848
13974047666
13975568722
13548589585
18273119864
13755156741
13762079049
13787507988
13787384392
15873954666
13908472891
15973762000
15873696333
13667473555
15907362268
13787462096
13739085022
13973384928
15973122001
15173116628
13873809399
15807377998
13762454988
13755030323
13508402486
14786863310
13973911278
13467955000
13762003220
13973552498
13786108630
15073151896
13875391222
13974597195
13574837482
13762580190
13787530302
13973264378
18711069161
13507450734
13762089181
13787651148
13787219188
15802649696
13973831659
13875817737
13786297356
13575217675
13974058709
13786471329
13723843529
13574875563
13973425956
13687388400
15074064478
13637477475
15274919280
13762279708
13973123746
15274704967
13975892403
13507489990
13755195429
13786002068
13807480608
13907491516
13974384009
15115871777
13549506386
13973675218
13808440462
13707370540
13487567711
13627395301
13487670873
13874016182
14789121785
13807378079
15107388588
13487425859
18774888106
13873133886
13974673238
13907452522
13469197002
13739099311
13707310959
15874893282
13517483288
13973172407
15886434572
18807302666
15115369989
13787586869
15874635441
13762422379
13807425998
13787053102
13707345858
15973170148
13755019611
13974985779
15273207866
13974845598
13789220298
13974272270
13873589500
13507431851
13807335289
13762411983
13574183389
13723853258
13638492751
13574622885
13875550835
13787238249
13874450660
13787601877
13469210548
15197226258
15197396688
15173265531
13787287728
13875522850
13507384999
15869921998
15873130619
13637487291
13974467631
13975734086
13973643792
13787263375
13637468212
13873545668
13467428384
13973048591
18273400707
13786576736
13975717668
13873143825
13975154876
13487944596
15074151155
15907354005
13873632245
13517434581
15874297633
13973898417
13574060390
13549558250
13548985455
13507348267
13975449210
13907498020
13707466678
13762872700
15174436788
13875047103
15802532004
13975076003
13908497799
18229307826
13786018007
13787860999
13974967918
13974313318
13762385265
15874257070
18773186005
13873039996
13975149036
13975013130
13908498773
13808498256
13908489245
13873071158
15973170445
13874718683
13875940765
15115388472
13874347756
15898481132
13511118398
13607468488
13974825243
13974703063
13973811929
13789209777
13807377450
18229178512
13973026895
15807395806
13974687936
13755151956
13786880113
13637367210
13574873087
13707377981
13975798561
13973607163
13574736703
13873565116
13874329977
15973918988
13908418117
13549649477
13762364459
15292109085
13517358386
15974138292
13873104750
13755052012
13627308898
13875328968
13873120321
13907388168
13677479998
13973513268
13575068007
13507326906
13974687000
13907415552
13607410208
13975109815
15807308098
13875528613
13973790418
18773387555
13808495689
15974489359
15116286829
13723806398
15802563966
13407412460
13787592166
15274371118
13638493456
13786483505
13975960567
15973284658
13607491569
13973147566
13467723875
13807460571
15007449222
13875455325
13762908777
13873025959
13974945784
13786177662
13487409213
13874115085
13975447406
13575222333
13908407397
13707362063
13517455588
13873332118
18807346777
13677479150
13787489578
13549738016
13973780390
13786122850
15211374488
13574131508
13975782738
15080801335
13786452301
13974296284
13973501058
13739000728
15886631376
13787039648
15115933781
13511163218
13975526281
15873552222
13874321494
13907332499
13973301072
13677363969
13575191433
15074789166
15074564555
13907466333
13787004550
18274840987
15080705467
13667498195
13786530888
13907421588
15802685312
15200217233
13807389691
13875026530
13467958468
13873241888
13873396920
13973650606
13907491728
13975529168
13687313432
18273261506
13548995992
13637303628
13873162623
15073537393
13808457262
13975561056
15874782525
15802686868
13789325656
13786877653
13755049111
15211394759
13787680181
13975167951
13762182447
13975458211
13574421285
13786621536
13974984388
13873574667
13875066049
15111509816
15173621378
13875768878
13907497751
13874477530
13549553542
13973271079
15869755659
13574882828
13907351827
15197039222
15873143115
13973551187
15874278583
18797740666
13875752526
13974547055
13607351521
15111381808
13739039978
13873157671
13973508510
13807322815
15874249119
13762429822
15116232007
13786795875
13807358439
13787452097
15116062520
13973409673
13907322852
13637356896
13974085151
13973607567
13517458199
13762965029
15111504369
13574243711
13974959072
13875847271
15973178555
15073370008
13873429595
13973210384
13974839928
15873585965
15974493868
13789219616
15973014688
13627368696
13975840989
13762166334
15973171048
13975838192
13975430885
13975959568
18711069151
15907400280
13467774447
15973576838
13873408589
13907495648
15211021110
15874188568
13637350114
13511127779
13807465269
13786459216
13707451429
18273398988
13487381555
15974378688
13975297453
13789106811
13873891688
13787412155
15873173295
18711154400
13487888998
13507321125
13755158666
13657439329
13607331198
13508418358
13723833999
13487941985
13808433588
13975266855
13786765588
15211589228
13469019818
18773199938
13973211188
13873148987
15869920749
13873768368
13574476235
13907396719
15200578283
13762018462
15886483098
13873155690
13762087056
13973196880
15802518443
13786533547
15874018592
13762288520
13907312406
15111040224
13974390263
13873768251
13574534623
15074292222
13875800013
13807497181
18273418328
13875040493
15211997672
15974270300
13607392043
13973736536
13975897152
13657405654
13517358055
15111077916
13974763387
13575146169
13548559203
13487310789
13807346890
13762289628
13787057093
13874687141
13874718667
13875449974
15973065958
13607499404
13907321799
13507434266
15007425760
13787735958
13787700001
13607412640
18773531149
13975826938
13873608545
13786561287
13487785599
15200230502
15973534493
18229731588
18274813788
13667461139
15211616788
13787732888
13873190299
15197700107
13974107269
13975196466
13787876818
13548635075
13574983963
18874889129
13507350708
15974240240
13973788918
13786894548
13787202580
13873036880
13973864818
13808434208
18707434811
13607308863
13874655902
13973837878
15802521709
13507444651
13786236388
13807316352
13873352661
13873456901
13875000664
15174443709
13973307771
13787771797
13874308238
13574858987
13762819744
13908495109
15874332029
13975230878
13707317705
18773472438
13873868371
13807462962
13808496346
13549637400
13469328178
13974523401
13975898719
15874620306
18874301669
15274489695
13908410036
13973122568
13762906555
15084768327
15874866495
13875823408
15874624417
13787186664
15007399567
13875546587
13973998333
13975428506
15874295548
13637465285
13467566183
13973093639
18273817218
15084727035
13575278143
13874609608
13974935659
13874769046
13975901756
15886658488
13908455812
13973678638
13907426685
18274571876
15084876188
13575058009
13908436457
13873100099
15116547148
13875037868
13907454808
13786665532
13762339388
13975449185
15874506262
13808486448
13875105647
13974693473
15174440300
15115651699
13574457788
13607378898
18274447151
13974955248
13875161730
15096179834
13975250993
13974477550
15115638919
15907492904
13875753194
13973860999
13807321298
15974205117
15974156344
13762245509
15173820601
13873712448
13975710416
13787152856
13786606331
13908459321
13807393125
18711778188
15874629901
13807327766
13575161508
13789238755
13875915650
13786173512
13548740570
18711162545
13786106070
15886436666
15173291858
13807478484
13873674188
13549738712
15200985838
15974122629
13907463138
15886519181
15173144588
15007368986
13707488238
13974768868
13974526097
15274969332
15211431838
13638429959
15200577495
15273020102
15074650535
13973544938
13974270103
13974830661
13907346026
13974321990
13487440318
18774615777
13973687728
13974580127
13548680076
13467559666
13807482617
15874009039
13973016288
15211682259
15874157521
15197995936
13574831971
13575230995
13908483443
13975826177
13469059098
15115100067
15873939138
13875801071
13975760529
15897343691
13787258980
13973119388
13973867711
18774219466
13789377563
13973707090
13807372223
18797483845
13637428865
15116127885
13789135888
13723807188
13807303498
13575253028
15084812135
13974060227
15197356163
13973550388
13786319936
15173267510
13974559068
13875716390
13973253860
13974981900
15115907729
13973862518
13975717618
13786703168
13574438045
13973772138
13467748777
13975760302
13975810897
13873578700
13907348444
13755148733
13807305827
13787051929
13786622018
13874086333
15116333937
13875042438
15111061989
13873032998
13974375682
13517396788
18707444333
13973775210
13707453246
15802612422
15173046559
13549751398
15874365883
13762689001
18229809886
15074816662
15197958088
13907357379
13807444112
13873103103
13975736605
13973447408
15107329999
15111390677
13487722507
18711266666
13762928466
13762984223
13907314319
13875732681
13575095891
13508434741
13808420071
15973235888
15111105495
13907330880
13973884013
13637314048
13807313450
13975208618
13574721719
13974322809
15211663818
13786304888
13707442629
13723860953
13808475786
15898432368
13637309334
13973316726
15807303333
15292084488
13787858559
15873683000
15874348777
18273302345
13574608084
15115396669
15874106828
13707443314
13973372908
15107413007
13575085353
13469212838
13789319391
13637482843
13874853092
13973194730
13975175122
15273207886
13762114662
13874930368
15874915666
13974660116
18711449697
13517402036
13787435009
13469343348
13808419882
15973734468
13974899993
13507409541
13607458943
13467404156
13637303735
18873228608
13973174787
13739054526
13618455555
13549745608
18273226399
13787917418
13973808178
13549677779
15886415508
15802602740
13874195054
15874509109
13975000188
13975279411
13467554428
15096186788
15802637388
13873432988
18773088809
13574310320
15874567868
18711045525
15973857115
15211061106
13787075188
18274409338
13786016000
13875737618
15874769787
13548554556
13786809754
13575141762
15974132613
13807374918
13787038618
13973136315
13973092098
15973709100
13873888899
13786207328
13975830568
15173897555
13975502428
13755051808
13975867617
15886561288
15084876844
13973166309
15115568202
13575278488
15096222744
13607304310
13807460523
13607418852
15807487008
15873125228
13873110802
13707478238
13975495233
13874334331
15116101140
15874192388
13677349528
13874974906
13874875263
13908484188
15116738811
13974674218
13873887808
13755132523
15897420999
13607387038
13808475087
13707456266
15874118654
13574176911
18707435790
13973966969
13638460000
13874519487
13786454789
13789285307
18773487443
13739088887
13873109088
13975347896
13974040115
13974557848
15115033333
15874107422
13637380333
13575152563
13875299938
13975565508
13975255531
13789003436
15074238888
13755020819
13762158278
13574362233
15973301158
18807390088
15873822913
15197625561
13707450701
15873664138
13975575611
15874990897
15173554466
13755152651
15200939099
13907347956
13786605880
13787623106
13487316413
15111254715
15897401068
13974139020
13873194449
13469330618
13873188577
13973940478
18773174188
15243891739
13974965095
13549735559
15074960218
15907376299
13617342493
13973797170
13574950761
13789123123
13549511331
13487439168
13974697861
15274528888
13908458877
13762592252
13637394788
13723872101
18797463518
15874969058
13786988177
13974988323
13507378858
13874335238
13875596316
13975181597
13607352978
15973872777
13707429108
15807320938
13548579813
13787573871
13873131598
13873547738
13407330999
15197886888
15973811131
13574859408
15886427158
13875075832
13907457885
13874656722
13789340488
13873493889
13787641114
13707354251
13762805375
15873000837
15074038883
13875686733
13707390005
15973781893
15973816558
13507369127
13875438319
13786694554
13517355988
13873738548
15973910318
13908493210
13786752710
13467645877
13975523828
13407378518
13617322838
15873888040
13517322988
13787358898
13874631311
13469237234
13975834988
13575014058
13973610173
13974562345
13787219385
13487357972
15873211068
13707433100
13974097008
13973861127
15273667138
13975042717
13517488201
13873315806
13575251696
13487436788
15873178355
13875282365
13487372026
15073828880
13607302739
13607319191
15074846718
15115805868
15115616191
13973455335
13974116464
13789075998
13875107626
13508472906
13707427239
15197546535
13874096785
13908487838
13787928400
15115316569
13974598552
13973103131
13875449178
15874286007
13707360669
13974958189
13755093083
13574433650
13907498465
15211976469
13789330388
13762064878
15973177162
13907462654
13517348999
13607399068
13907438086
13807322222
13875660278
15174356806
15886521050
13973976870
13467371612
13667330202
13548951341
15200281196
13549592228
15907492682
13638403888
13762318417
15107409888
13574174858
13507313294
18229109159
13975563000
15274741996
13973909090
15211856728
13407470608
13755061715
13874535122
15886507968
15197330024
13874912871
13974099637
13874069118
13973124593
15873608718
13467619122
13875810916
13974758730
13755065378
13786027718
13467882286
13874985752
15717414750
13873034995
13974334846
15842943542
13707495505
13873008883
13974462326
15974215117
13974309258
18774097777
13787960857
13574048675
13637431794
13548879173
13807310217
13789201898
13467373328
13739060532
13873788408
15207452888
13907306613
15111379558
13973183450
13755147000
13875658673
15874208368
13637411110
15802679278
13807346669
13707341096
13874544883
13739067797
13973586123
13607372243
18774545588
13874691699
15907462674
13574872688
13973517730
13975991063
15802603352
13707498065
15874337522
13677427332
13789090011
13873408932
13974914282
18773811488
15197975858
13548961689
13787334181
13973807537
13786504696
13908463757
15873132998
13787113976
13808478787
18873756910
13874887020
13975559770
15973113348
18807380128
15973759592
18273951552
15873171029
18773417256
18274826061
13787522013
13975441408
13487328870
18807390668
18711375688
13574320177
13907465098
13875592213
13707481788
13618472818
13974195588
15074131888
15873935818
13607367078
18229880808
13874413666
15802581010
18773121829
13908497176
13974988658
15274920050
18774907509
18773723878
13973759361
13807379300
15873413998
13548984747
15874987997
13755067949
13657471166
15007409458
15197181750
13787188940
13975746688
15116487093
13574307076
15873266598
13575013621
13874239701
13762275105
13807485166
13974988878
13974587396
13787371966
15274463299
13974435564
13607454488
13875889086
13574912587
13637300618
15873509883
13975103977
15116460530
13873012558
13487969696
15973233409
13707462237
15115340908
13907434168
15197709603
13511155719
15873477973
18711497459
13739072807
13786087070
13789287448
13607372566
15802653111
13973701603
13808421033
13975163690
13808484989
15274325777
13786137287
13507309260
13507378258
13549745413
13507431785
13755164475
13574318063
15907380936
13974796705
15897492081
13974968588
13874848087
13548581999
15907494939
13807469936
15274257051
15007371808
13574708666
13907457998
13875972770
13507344333
15116187981
13975029099
18774053168
13875877553
13975152428
13574301119
15886618917
13873111110
13975231987
13487818463
15897339168
13873170278
13873629999
13574854334
13789038868
13907485974
13975580862
15174492655
13548556896
13974590683
13873896868
13707434970
15886561853
13508463016
13789363599
13975307662
15973515528
13873188831
13975389221
15973352222
13807321182
13549558020
15807327666
15116862288
13974227727
13508457788
13974364083
13974329309
13467773399
13974470606
15874909736
13517394271
13975784922
13549711090
13907476327
13487411111
13807301108
15874395245
13467691994
13507413138
13467978458
13755064314
13973765211
13908459168
15096188386
13755110485
13974334427
15074458898
13637383777
15115459588
13807322220
13974190757
18707323888
15869962999
13973510880
13574374125
13786131009
15074948777
13875419382
13973236333
13974124878
13875700034
13907315766
13574517673
13707480749
13873468219
13469268943
15874369411
13548907353
15874750369
13786161810
13908463556
13787946889
13707466310
13874622828
13873250870
13974895546
13548850838
13707497186
13618475451
13789296450
13548601888
13875979186
13808464967
13874481325
15115154268
13873517496
13875297727
13975365052
15073278564
15873404797
15080775606
15073211761
13755020164
13975391162
13575150811
13787589498
18274699933
13974977198
15874718046
15974181390
13786863990
13787340608
15974444888
15074866060
13974529951
13549688829
13975858498
13807320708
15897438477
15200622298
13787125577
15802698744
13973823515
13873141821
13789326888
15807381111
13487676666
18774612032
13469223338
18807344512
13574350585
13873247131
13637486575
13907317586
13873428555
13873598968
13574116229
13975891818
13507482026
15973702738
13807384888
13723897501
13874301597
13975893806
13873939000
15974410088
13875781950
13908476464
13873444958
13762100627
13647483151
13974337018
18711026268
15973387202
13973400062
13908454162
13974418203
15115235096
13627410109
13973415242
13807390818
13975548523
13974616709
13548522108
13607368660
13707312615
13875731119
13549712346
13907310490
13874854455
13973387418
15807377800
15111351988
13907455551
13975666968
13808441825
13487536348
13786736788
13807350038
13973418080
15974188111
13607467780
18773177136
13762368819
13657458498
15173337022
13908450225
13973857945
13707398688
13974848156
18273336222
13974992309
13762592199
13607368391
13874009426
13908489481
18773310003
13517434672
15096257871
15116311321
15974302703
13975016183
13549508538
13875295289
15084835560
13874990288
13517498359
13875680548
15107359042
13875317435
13787605215
15873792549
13548940999
13873583988
13787141471
13607370662
18373150108
13974829855
13574688328
13975488462
13908413849
13975531278
13487777858
13873177648
13807325032
15084988092
13907458566
15211918285
13762758188
13874705768
13875599727
13807493639
13875095638
15873109666
13487820105
13975965997
13873658159
13907452378
15173842168
13907347896
13723836678
15874315898
13973990100
13874759623
15874650326
15874587618
13974692406
13873006068
15886469666
13548570999
13787797777
13875930425
13617496989
13973027528
13739061883
15073797888
15274921324
13787002280
13786813490
13973583626
15874958589
13973029900
13786283978
15807346999
13974229905
13907434009
13907307002
13873031808
13574101319
13974152528
13786696005
13787633312
15874120586
13574826038
13908491560
13974838777
13874961882
15111060319
13762008588
18711763588
13617300577
13707455456
15273922666
13467693323
13974845828
13975504600
13507480865
13873651008
13973238157
13755112257
13974059109
13786140635
18807374888
13908492250
13974989771
13974799239
15116334343
13762751992
13787907152
13762525548
13873035220
15974346791
13974515619
13875459192
18274751620
15173418687
13874675486
13787356218
13974758786
13873799773
13974759528
13975590768
13677451258
15874856521
15973369085
15874848880
13974276989
13974314013
13507336640
15874682668
13973627139
13707454353
13787813301
13873784980
13974309589
15111230609
13574771777
13875672466
15974195373
13907324798
15173600068
13874667393
13787896030
13807377422
18711778189
15111291968
13707346311
13789050100
13974621367
13787209365
15074185353
15802580033
15974133739
13873696962
15073049703
13908485031
13875078756
13607328003
15974297185
13873609995
13874108708
13657339872
13787778664
13974543886
13873164953
13973192233
13873164189
13762474762
18773827668
13574464196
13875170761
13789330263
13873968685
13874088649
13507336839
13908467825
15115973133
13607435593
13618444666
13907328488
14789993489
13607321933
15211412593
13973596879
15973878999
13974888151
13808415619
18874420222
13975618010
18711841988
13974344948
15073777438
13647422111
15874925618
15073040886
13973166948
13574802444
13762228209
13874296286
15874544491
13975166015
13687320877
15074852068
18774180888
15874989234
13973939407
13875923937
13974355422
15802502338
13467677676
15115145788
13875832046
13511106333
13574559372
13549609000
13973132867
15111041218
13787593766
13574588998
15074807988
15802645252
13807487736
13975853205
13875796209
13974275178
13607433088
13787947629
13789115632
15873681018
15717500057
13907360102
15173728390
15974281322
13875407080
15096154508
13487670504
13875312728
13786187278
13974962942
18774605150
13487387120
15115155398
13574255258
13975108999
13657336806
15080881199
15873219659
15273679096
15907390069
13874333829
15197702255
13507397999
13874982808
13907498514
13974719325
13908481926
13973056555
18216339000
15073350181
13974351496
13507393288
15873887318
13873842991
13875598966
13974208793
15907486688
13487543442
15974138613
15243961888
15807399863
13511171347
13787880612
13507318666
13873763816
13975087300
13607317615
15898444855
15273005087
13574328829
13875720709
13973691476
13974944080
13875002663
15173906666
18873500079
13762487377
15897432582
15096121668
13874633713
13487375999
13908410455
13975632764
18711320197
15874838688
15080885111
13786771305
13617373992
13517393738
13975360653
15273574954
13974216276
13874548028
13873089998
13974882279
13786145520
13873183401
15080635555
13517317180
13974478160
13517341286
13974411548
13762520081
13973526769
13874866808
18773011550
13807319813
13974912692
15084888259
13787758485
15207398399
13874935928
13787371365
13974583508
13739088884
13627460022
15096231555
15173748345
13875192501
13575124866
13762313892
13873645933
13874652708
13508494469
15807335868
13617444669
13755031808
13875943100
13574146639
13873075358
13973256915
13575136123
