Msg:Â≠£Êú´Ê∏Ö‰ªìÊäÑÂ∫ïÔºÅ‚?Ê∏ù‰πãÁâõ‚?ÈíªÁü≥Á∫ßÊ∞¥ÁâõÁöÆÂ∏≠ËøòÊú?22Â∫äÔºåÂçñÂÆåÂ∞±Ê≤°Êúâ‰∫Ü„ÄÇÁé∞Âú®‰π∞Âè¶È?2ÂèåÁâõÁöÆÊãñÈûãÔºå‰∏?π¥‰ªÖÊ≠§‰∏?¨°Ôº?00-710-2826[Ê±üËãè‰∫´‰Ω≥]
PhoneNO:
13978098631
13675162336
13809009951
18678896999
13867907588
13688072235
13372576992
18003973324
13803284623
13294182154
15711176144
15005185698
13001103320
18982286493
15921038444
13138318889
13603712425
13727330981
13709064080
18660506259
13906917118
13502886125
13566889062
13060729502
15257910621
18228982230
13910899518
13838152613
13937963456
13851894881
13350333318
13600155399
13916014252
13684266367
13313182792
13336060703
13862073062
13067793535
13651392955
13804257233
15258865020
13835175596
13817357527
13674970651
13600469499
15380777401
13764938100
15398259187
13960104973
15919432772
13803771492
13100651990
18971284348
13110248451
13611178610
15267863738
13033422619
13903969578
13928821296
15112771298
15001707017
13611032955
13642555113
13918053488
15859293686
15253861072
13984238618
13969006099
13552915790
15553191367
15319069448
13785166717
13163201303
13425918687
13370155189
13908629991
13522880806
13901011535
15201587066
13317736558
13611002718
13668420092
13355006906
13651017809
13955718130
13332732998
15910405650
13885011561
13700859077
13801977091
15179160006
13971430564
13660013963
13886142497
18927831713
13671228716
13671359628
13507823398
13810390911
13903762678
13501245788
13306970586
13681587110
18673856555
13904915087
13807330324
13902773360
15356041836
13953018639
15895878901
18919453138
13098831318
13508220480
13652339113
18764089569
15360097021
18983971819
13839011603
13188913528
15612335888
13938115238
15674217776
13471165144
13938699516
13322978788
13592686886
15972897584
15712758952
15327248088
13135331180
13920360733
13867897476
18901322001
13901043204
13845053986
18611560469
18972578627
13301759528
13349920003
18833217198
13601202916
13958188540
13660633148
13504986959
13633467134
18971075595
13806260234
18925211863
13302778029
18627947776
13591896399
13701089750
15809280480
13507186079
13605377005
18611908147
13808383100
13691408427
13598123188
13006159005
13733190996
13711445538
13918680888
13911886148
13520424469
13509611089
15172421777
13950118630
13701972143
13003696286
13901860922
15955526533
13606747614
13517718809
18936002812
13707118534
18991167584
15611645881
13801195922
13505180886
13603116093
13888097676
13987988508
15994252821
13673936007
13871160605
13184729200
13970731335
13160567123
13521105036
13910691832
13356775199
13667107501
13904111696
15063369666
13522257291
15327264161
18974269000
15250679446
13910820630
13610074288
18382343707
13611161079
13828446675
18637110806
18764072569
13717558146
13882937888
13901385059
13801065301
13911020976
13072597989
13905361582
13316255112
13857054362
13693358740
13515796686
13853688827
13600465874
13992613852
13124736402
13970346268
13911263683
13683612020
13397155650
13720383883
13896030037
13670836225
13907175745
13387196160
13815014248
18930121378
18981101934
13862222100
13608671096
13357823344
13832686027
13701077098
13912946432
13153191365
13115798037
13670404313
18959212333
15839309986
13995197663
13066245590
13968554212
13838338288
18603867985
13533228886
13621321253
13903354059
13818888619
13801217371
13345236777
13018056878
13651007816
13716439888
13971603070
13809123630
13886007028
15036938939
13939219088
13693249043
13586780832
13791540608
15189826495
13910990871
13871071505
18715529193
13661151662
18965250109
13597207280
13357835929
13503192898
13909067608
13513485668
13640276900
13901080262
13148932992
13838063988
13621231300
13100721408
13986198032
13335628190
13910863679
15538960885
13757062000
13907125338
13907126987
13908572429
18952891963
13358022863
13651734981
13806428723
13176653200
15716392828
15827072845
13893272130
13801350698
18971059642
13671137352
18383028530
18982095172
13672141316
13429868489
15905792610
13501072890
13307888009
13938968887
13929883321
13505256500
13501188662
13851905250
13561561777
13807239697
13876059179
13521567482
13611312461
13554020318
18952010730
13980355579
13832824688
13020219502
13705405538
18639031698
15303904400
13008195344
13703996007
18980394806
13871096141
15369189505
13911604865
13778105299
13580802826
13942789519
13603253088
18057722260
13903146521
13950082026
13121063058
18600938017
13509833636
13890793496
13627229632
13071018532
13834770192
13001211120
13803579190
13706605000
13783322039
15847341015
13311575779
18062086593
13837202980
13718328185
15939212369
13513805656
13704942008
13633661585
18939923190
13554121724
13662783378
13513152658
13671577618
13505311548
18937802285
15361716804
18635008969
15958339232
13460606632
13908031889
13755277671
13969389828
13521320206
13536906084
13901307459
13736979299
13906228090
13681250064
13673633809
18922272115
13884986578
13521589000
15345949369
15965016878
18928809699
13671038175
13505713657
13871162508
15091043125
15063398106
13905162765
18638119005
13977213598
13951892080
13501149285
13505150113
13957698321
13641846010
13911484841
15711108745
13803827591
13837169381
15807186719
13657236315
13971279832
13507509677
13538803956
18962893965
13461211915
18201418863
13846586856
13970893550
15387086328
13357801259
18601271888
13520208021
15327411801
18924154919
13903884138
13461799472
13317191056
18758424349
15527851960
13902647620
15553371969
13526823831
15100652222
13651331245
13653830801
13890081409
13853130823
15337172665
13066006868
18782502935
18922385842
13505414576
15015848818
18995771993
13661111266
13305166365
13896971669
13951845643
13912907909
13230249999
13966288068
13552344547
13077680368
13666288556
13785305927
13809547009
13306686999
13717983230
18916700658
13803814651
13851771103
18086009748
13902728206
15816775544
13308622076
13637934820
13508085115
13020074835
13601301756
18955000127
15715325008
13911610138
15327408147
13439732121
13303800248
15711578889
13992618286
15517786518
18663702796
15337134615
15168865583
13522677750
13621102634
15890117738
13807152057
13522357216
13611135501
13482812285
13501129343
13807184500
13761690517
13960787512
13893007684
15201640053
13890834875
13683595789
13637499158
13911240172
13816078622
13168822308
13718090980
13607209555
13502339358
13126893128
13606878365
13598368961
13526820891
18257011056
18638533952
13809010159
13643827691
15155106740
13807135755
13701134180
15588539396
13264285332
13978510558
15325177728
13533337498
13520502453
15538553092
13500533319
13601389828
13908651290
13914110369
13586958703
13937158727
13901597609
15202317759
13808480630
13602941988
13921665678
18970031642
13288665020
13801361804
13732392826
18708111993
13701191257
15307169785
13910851180
13651117799
13850892057
13554645259
15010559020
13701137813
13811824597
13398136283
18908032088
15055080988
15726691910
13901325222
13930988769
13939385399
13834720069
13867993533
13651259909
15337376840
13916478743
15226079688
15372539855
13676271253
13895418333
18839902612
13671277339
13269986597
13661169921
13554501035
13573751979
18677006699
13601138438
13777136584
13823155872
13910436880
13737027583
15662651484
13360360171
13939035555
13503869264
15711476383
13902159976
15927131088
18752068085
13263599479
13803948278
13801684533
13593590693
15038334686
13803815559
15859089356
13602827595
15725507294
15893409038
13622255586
18907004292
15290857388
18971696187
15334551532
13806376188
13913962647
13873452563
15253128389
13103033308
13718206218
13881244228
13517934166
15213275952
13621091860
15882688882
13676895118
18893138966
13307162168
13938621323
15991715237
13237162222
13256132226
13575763630
13906031860
13526525087
13808023654
15906259811
15158900151
13608688856
13974514457
13828868817
13718636011
13906332260
13601207117
13902741836
15079999826
13902881765
13366881807
13901716762
13386219003
15241723739
13901586503
13776542038
13793850777
13522751067
13651154079
13795775070
13522389351
13886585898
13937751198
18074891780
13154090200
13204064279
13606836668
13938407936
13601133467
13956188208
13501785245
13286739671
13868959812
18607539838
18764198888
13907160634
18601025539
13893135028
13716456788
13758913515
15954786667
13600350415
13977155658
13616408795
13901034129
13722195500
13120308381
15515501668
13627423420
18072025772
13327356698
13628639375
13512539290
13574215528
13294168453
15136794560
13991565928
13980153398
18037208877
15549024546
13671007566
13908655006
13720140572
13953178057
13606330881
13506987097
15057130766
13700738798
15803668776
15958358100
13701460572
13916692387
13520141296
13642636897
13938271865
13589120266
13007042086
13859321396
13611878252
13601297175
13506410187
15622289389
15303008238
13739617127
13801384575
13501241306
13795202072
13711657282
18982473479
18951011008
18950868146
13905576094
13552628035
18241095685
13568554657
13901350193
15321595692
13849133994
13901309316
13515312801
18653167756
13051575352
15011588661
13819696220
13632406359
15388922760
13307907686
13397133333
13645160636
13061698189
13806279680
13589057988
13871515001
13807538996
13603421021
13959623502
13008170903
13949477936
15392910356
13982678888
15713787887
15367882981
13871287092
13611217732
18758095311
15085793342
15713689346
15668313933
13522135218
13788886068
15900604005
13605312173
15550421066
13319251589
13776666552
13789777414
15827115420
15325688755
13617947388
13521525081
13163238426
13910782565
13601786051
13362192733
13967218352
13681118010
13971533262
13788063111
13539828249
13552008173
13801076328
13792521505
15523773183
13363796280
15866971777
13939082002
13907985808
18356383667
13402658494
13949098211
15157621793
13911958001
13671364786
13992461018
13974934814
13303479438
13606099779
13503336833
13509636351
15712851269
15533803850
13815446479
13883020097
15360450612
13758953888
18937632070
13994280239
13771080388
13517578508
13910211900
13522793445
15895894442
13706418731
13728837697
13305912548
18685004333
13801085819
13634384817
13605243313
15384069710
13788919671
13601361986
13809547856
18611750819
13803222306
13912729900
15637452888
18010736190
18081468828
13302906211
13708202815
15601191445
18781617778
15517158938
13621271602
13852155258
13910426990
15652391802
13909502002
13661042483
13718940139
13051458836
13006328528
13657820015
13920885490
13014586379
13574261548
13552118691
13906858281
18971028143
13952549098
13093791102
15729302925
13605325055
13121702866
13439867082
13397173112
14789339401
18660861898
13142182993
15259856391
13700818686
15057192240
13641212499
13121559700
15915916622
15327127768
13805409998
13906075171
18739308530
13461662888
13610082986
13910535992
13661713753
13006423565
15651303998
13814278470
18757927721
13957722299
13621077033
13182826555
13355317708
15097790591
13938852938
13698640605
15327283736
15588755999
15135040389
15723202747
13153112812
13951734968
15359341963
18906702260
18974190301
13763863337
13884988777
13924824080
13603158844
18771298888
15318612871
13601582150
13452493577
15013117547
13901339136
13901482011
18666718804
13450437613
13600711704
13982098666
13568113353
18098451061
18737488288
18791504693
18919697566
13075602393
15850541953
13733865993
13682255788
18971239696
13904802587
15880352460
13013620275
13957705414
15712975428
13808939690
13901190398
15827648682
15681607882
13288807858
13501022966
13212536639
13261215302
13611284438
13958161411
13718629014
13601187063
13869188996
13716290152
13382098886
13722588171
13701192658
13905259223
13801163609
13707142839
13907169610
18600510618
13939566890
15319153292
13121040225
13132154638
13933456287
15861117688
13042020119
15859821077
13127662318
18988888333
15206661556
13503752068
15527829330
13808015608
13981128562
13602820032
13311306173
18913195531
18015622205
13948869088
13839645816
13701207432
15880091616
13937312385
13222563703
13851940267
13255793507
13588731089
15277502681
13918350096
15905999081
13995487281
15130263456
13173783295
15950875966
13305158993
13505326966
15383017798
13812052889
15923836360
18007266109
13674786192
13605313291
13042120488
13224945590
13599955557
18915551777
15058841352
13903572378
15890928566
13805156363
15944622975
13236557756
13611291977
13307855517
13500691867
18930209527
13693322040
13703512076
13460471898
13606814816
13901156569
18237656563
13986075758
18260021090
18928928261
13971695622
13506677508
15010448516
13871214958
13607695052
13978450578
13753708868
18970065740
13602009162
13911373305
13819137508
13706937692
15711561193
15237379880
13770695652
13607652918
15342774085
13356080215
13264299912
13927778133
13911330769
13822933686
13569178538
13501312300
13985892468
13522697127
13838555553
15692317829
13301372968
13758096602
13905548765
13517237203
13686511693
13901296054
15377526969
15074386800
13901010269
13592588619
15723476978
13776270665
13927660499
13801062521
13610002920
13802715151
13581980161
13681287234
13971113298
13903408533
13950115529
13606048469
13642326070
13795202436
13523007365
18204085083
13526521950
13659705799
18607111822
13556136662
13606605778
13703960997
13912333233
15927307854
13886962005
13526670602
13505349278
13505191312
13799114951
13302755666
13527659119
13707287456
13517239225
13175443138
13890236939
18030986815
13962820636
18971251817
13952262650
13007129013
13601358591
13908313606
15080579446
18922367069
13681162750
18602517099
15527345546
13527577898
13878546528
18639712768
13701397167
13602880976
13175321905
13902700020
13357806493
13006187586
15965729488
13952510131
13802747010
18971008616
13903294588
13803749816
13039422352
13770756338
13815873141
