13979154584
13065151622
13767406793
13870957738
13970924627
13970847030
13576297288
13803501319
13517913500
13517912606
13879129000
13870883816
18607916100
13576109809
13576055999
13707095609
13687005855
13807033485
13907913450
13576003949
13979108555
13970883566
15107918178
13177873686
13767170241
13767190800
13907913117
13970027838
15070055769
15979086668
13767116090
13970868055
13970016002
13870898906
15179198855
13879111919
13807098952
13617085652
13807050337
13576044441
13807912611
13755613833
15079182028
13970095188
15579170863
15879029686
13979145599
13870890717
13755625366
13879102075
13807007007
13732911158
13732966757
13177777297
13870865028
15170072829
13807043339
15979068528
15870009095
13170872326
13755699901
13767079116
15979097199
15070403636
13607041615
13870873502
13907917992
15070056305
13870950769
15070879729
13803532622
13755662801
13576290836
13870069769
13879183138
13740708199
13907001500
13879148863
13576037813
15970626218
13767012208
13870993838
13970009839
13970973775
13870625198
13407099730
15870625771
13617087968
13807916790
13576028058
13707086983
15970635972
13065151907
13517912133
15870005173
13807001059
15970691818
13979126897
13767176383
13870978696
13970881079
13870918191
18679111666
13870686205
13077959877
13879197233
13517002726
13870848221
13970052153
13803543571
13970867312
15979188866
13617919997
13065168341
13077991877
13907004981
13755652566
13767117070
13767121566
15970699158
13755632600
13170910726
13767992999
13767041199
13803532231
13907910160
13979170758
13767120871
13907004301
13767963666
13970858100
13970006209
15979188090
13970922320
13970025656
13870837329
13870605585
13907918187
13707083030
13870618128
13907000430
13970088269
13576051898
13607098003
13607006662
13576911727
13627081788
13767499521
13870866200
13870072559
13007209869
15979012917
13970880011
13755771969
13767089346
15979093081
13970080787
13879183072
13879190230
13979166956
13576285522
15907080225
13970066161
13576930295
13576268978
13037234210
15270882597
13263090479
13803535876
13767182118
13879121024
13970011731
13907910805
13767180710
13979192558
13870861119
13767137722
13870968320
18679162007
13970079531
13870699728
13870979526
13807049613
13870077757
13970065813
13970829018
13979166783
13803520852
13907083088
13870609334
15907007002
13755690255
13007203919
15180195282
15070001111
13879187375
13979148823
13907918450
13767110282
15170079357
13979182535
15170205219
13970052115
13879126922
13755769876
13879196288
13064110029
13767402324
13870638102
15607913699
13807005390
15979000123
13803521234
13970827156
13807000927
13879100069
13870918953
13517007066
13870656166
13870930102
13907915913
13870650682
13767179917
15879128988
13617913581
13803500212
13517911666
13907088995
13870090810
13870079131
13065120984
13970916267
13707093416
13870661758
13879173266
13907000707
13006200183
13767190595
15270880286
13970925588
13755604899
13970803235
13879100610
13970997791
13970053822
13907007375
13870083921
13755765219
13807005535
13970016996
13732948900
13036219171
13870053758
13803503799
13803504597
15180119581
13979134511
13870654870
13036200423
15070937389
13870902385
13870911120
13870837765
13755602578
13065164877
15270900568
13870066278
15807917898
13870605077
13576979096
13870993344
15279112872
13037245754
13970027382
13879169212
13767121526
13707091680
13970931672
13979195639
13647007509
13907007666
18879188508
13970075272
13970916793
13803532821
13732917062
15879076682
13807910935
13879166189
13755786966
13870675057
18679111188
13807919475
13970994796
13807000972
13870618070
13970829911
13576999861
15070901568
13807091257
13807030009
13807099207
13803513221
13870911398
13576086507
13870610666
13026210588
13077959738
13707919212
13979158998
15270803300
13767951766
13007220184
13807084589
13699560605
13767030099
13870667700
13970005627
13755681799
13707086575
13607082829
15879016280
13767997337
15979093816
13879161708
13707918648
13870988521
15979036068
13879157618
13672220831
15870618661
15807917752
13767412587
13870965551
13970061217
13970049946
13507917065
13870080248
15879112623
15879196736
13576106738
15979169999
13970981597
13970972206
13007227107
13907007679
13807915557
13803535434
13970039898
13803535133
13576126888
13657005186
13870908508
15870007770
13699510311
13907086065
13576958022
13807036902
13767140023
13870093669
13517007188
13767009257
13879104780
15079089995
15070901188
13870866136
13767043968
13803540465
13803542889
13870060430
13970087927
13970036313
13870957250
13006203221
13607083899
13576066077
13970055986
13970993190
13064137738
13576086640
13870856533
13970064809
15079058180
13870670708
13732998756
13870880198
13027209393
13870663129
13607001540
15179100266
13970046736
13732937528
13870867920
15079189980
13803504481
13979156909
13517001954
13870982066
13870635709
13607094368
13607086808
13767199903
13907004320
13970054005
13907918086
13870666060
13907912650
15879131232
13699567899
13607000252
13979195673
13807911885
13870844945
13870601887
13870912368
15970629777
13879166252
13803532936
13907092008
13879138306
13576018010
13907091376
13970033497
13979160268
13870660931
13755763135
15083828902
13767997359
13970008952
18607919103
13979180585
13979182186
13870606848
13870699262
13979133201
15270880868
13807065122
13870612123
13970956772
13870830019
13576986833
13979179332
13970053181
13970867661
13576253687
15083848600
13870922256
13807001502
13576004102
13767085280
13677082260
13479195556
15979058816
15070831825
13576096366
13870080666
13607919552
13006200333
13870877350
13870958602
13870060069
13979117883
13807008890
15207917866
13879180015
13507912588
13707913800
13870888335
13907007210
13576962090
13672229883
13576271068
13907008786
13707913162
15979181656
13807096792
13257084011
13870884377
13687916061
13767168509
15979098585
13694884109
13803517759
15979178288
13047911189
13740791005
13576023933
13807034036
13879158108
13732990793
15970415818
15070033361
13907910536
13707916726
15679189999
13979183031
13803500729
13803542540
13907003211
13576106662
13576000805
13576009615
13970096777
13970959318
13617089988
13177866769
13807089798
13133838777
13576286121
13699529950
13879148608
13576118489
15870610129
13767116682
13870866213
13970880963
13870895521
13870988158
13879188872
13970086363
15907092611
13970809179
13803549790
13177872717
13907910844
13237082017
13870816968
13755659500
13607092752
13870635455
13970990705
13507913288
13576105064
13677081119
13970060520
13870850096
13607064240
13907912381
13970069924
15979056606
13970950668
13870909929
13970813439
13870095788
15170473272
13870055711
13707915315
15070881111
15079156001
15870030819
15979143563
13732962669
15907088155
13970975916
13437000180
13970015591
15270976655
13870878616
13879181271
13732936277
15170414218
13677099099
13907083492
13970928490
18607916531
13970022958
13607046149
13607086767
13970816268
13627917522
13907085720
13576959305
15270001337
13576045407
13576118810
13970085636
13907916336
13807038263
13970050010
15070099959
15970699918
13870602596
13732979507
13007222468
13870902886
13657007773
15083545817
13576918761
13970804050
13803511476
13707918246
13607092525
13807002808
13879128017
13767160192
13870671764
13037205017
13870807912
13607910736
13517911599
15970699708
13607008898
13607002881
13870096537
15170078780
13907082693
13177777520
13707915293
13807006720
15979056213
13979157966
13755665595
13970874711
13807056136
15907916869
13970985086
13870931187
13870872225
13803537662
18679109110
13755699812
13879131494
13732981859
13970058880
13870668161
13870894556
13507085322
13879128763
13970031693
13755658598
13970860591
15979002022
13870074795
15270011990
13755750708
13979181638
13970098263
13807916820
13870688122
13807092889
13807912711
13767158688
13970869017
13979196295
13970078768
13870654766
13870901015
18679117690
13979167950
13870601885
13699522251
13707090506
13870081836
13698095952
13170868033
13517092277
13807053133
13177828160
13970027710
13907096006
13970018987
13576259585
13807913051
13707917855
13970931622
13970050770
13970802677
13755676363
13097208101
13879148755
13707913432
13155814064
13870978415
13767098954
13879189546
13576093399
13767955168
13667918287
13576088663
13576064788
13870087150
13627919891
13065188301
13257910589
13870641118
13607067399
18607083211
13979142823
13907086357
13607002963
13803526006
13767091475
13970878181
15979141909
15083538296
13697098589
13879155636
13263006198
13907002597
13870959739
13732919779
15979051900
13077925141
13732969103
13807085303
13576279769
13870941120
13879198030
13870974507
13627917397
13970035674
13907005949
15979095957
13667913635
13970091609
13907086089
13870626888
13170881375
13097217098
13870828807
13707913850
18607916980
13755777733
13907915550
15070817585
18607917272
13037231848
13607918921
13970895718
13979193377
13979191831
13732951591
13970845659
13970023797
13970832610
13755673466
18679108833
13767439700
13755636622
18679119216
13970829730
15907004178
13803525278
13037240046
15879028298
13979159916
13007205052
13479103090
13870922121
13767182789
13807911719
13970970100
13627910629
13184571422
13755660098
13970027920
13517008014
13870635661
15970421536
13970865778
15970435538
15979089612
13970812759
13807915913
13807006988
13767033586
15270854951
13870639094
13870901919
13767055598
13870889963
13970822472
13879160468
13907912941
13607049880
15979188851
13970913575
13807061862
13870837126
13755777603
13767151115
13970852893
13870835080
13870603686
13807910463
13870068081
13870602867
13755625028
13607910358
15979155551
13807914759
13607099033
15907003340
13870907747
13970868809
13970891682
13970910523
13767115591
13970070916
13740705659
13803527298
13767010010
18607918057
13576925885
13699538115
13576988758
13576115008
18679102085
15070009015
13970892787
13970085560
13979183658
13707913312
13870924038
13870974788
13970065172
13177775124
13970889197
13807061639
13970856005
13803516108
13970028299
15879136856
13037286159
13177804706
13907913363
13576009848
13807082692
13870088136
13767038283
13755791080
13870662227
13879123768
13767069166
15679101460
13007220895
13576067220
18679111158
13870825781
13970080801
13607009299
13879122688
13879168685
18679109933
13879107234
13970007217
13507088607
13970095813
13007220852
13870850731
15970662626
13803536773
13970883951
13607085501
13732950961
13576124565
13767001590
13807096260
13767041145
13767115050
13907917949
13970844952
13767013887
13907091485
13907916253
13026215066
13803543665
13732999819
13907089383
13672236695
13803503507
13807911362
13870868765
13607094772
13970865127
13607915979
13576998899
13699521858
13155821399
13807913128
13879170116
13707911780
13970019611
13576031968
13699501169
13184561558
13177775401
13667915077
13870898969
13807035744
13879173110
13677005293
13767111368
13870968052
13767106620
13907001986
13970842737
13879188119
13807064081
13970805976
13870997983
15070854544
13607082116
13879137881
13007209578
13970003377
13870835139
13767165005
13576276812
15979095405
13870844226
13979182883
13755780251
15083519088
13807911593
13970800819
13006208088
15870009898
13870055875
13064138878
13870828232
13803520890
13767188075
13517082223
13767158704
13803520337
13576081890
13803504026
13607088281
13970840684
13970005618
13576077896
15170228265
13677912777
15979109196
15879185313
13970897499
13970984550
13707915994
13755628878
13707910316
13907093599
13767101087
13970015315
15907088612
13607917766
15070025051
13807009993
13970805553
13807036727
13576083598
13677912060
15007004209
18607089531
13617098857
13870800871
13879196740
13870893802
15979153152
13870092236
13879106654
13607065374
15180416030
13907917144
13979198061
13007211598
13507918361
13970098699
13870053193
13803531314
13870896149
13576980867
13970083011
13879162623
13065108117
13970069778
13970014608
15607914791
13807065427
15979133982
13767992171
13870901008
15270937955
13657097591
15970496377
15907087388
13807001329
13979102763
13970860902
13077912999
13970068905
13870855548
13576000616
13970860968
13755763108
13879184006
13803501476
13507915606
13907008336
13576013551
13767115633
18679102567
13576900145
13517916568
13870625902
13870896209
13767997792
13576283612
13970813982
13870996555
13907093430
13970013435
13879184218
13807008501
13970068238
15807918773
13170880920
13970803530
13707093137
15979010909
13970055813
13870080006
13767159827
13803540003
13870697878
13979131608
13870092599
13677000382
13879133578
13667085238
13007226356
13803504455
15170097899
13803548983
13879170220
13803511420
15979113006
13507912107
13803530902
13767196787
13803543866
13803500350
13970083872
13677087857
13970807338
13870080948
15070931023
13970013268
13870645518
13755778898
13970879892
13755619016
13607080605
15270949091
13907095886
13970876121
13979152435
13870091359
15979121218
13970873666
13970943242
13576977785
13970959259
13576976375
13607087955
13037227720
13907001150
13007212932
13970891440
13807913399
13870690855
13576943128
15070066677
15879024699
13970019198
13507917910
13979124631
15270902879
13807067503
13667914065
13870893959
15070099188
13870848176
13607086000
13870882810
13617009349
13970858166
13177830457
15279162948
13870098666
13970988466
13907912597
13907919886
13970063155
13907081554
13170867639
13870911869
13767158258
13767953356
13767035310
13979108777
13970039890
13970011984
13879122226
13870877296
13707087116
15879099739
13807058410
13576271626
13155831056
13807099528
13732991313
13870058005
13807052026
13870954567
13970981803
13607047919
13979181190
15979038896
13576269972
13077939188
13970824100
13870870263
13970079530
13870830933
13755793389
13970803363
13970916899
13970946603
13617919911
13907088049
13870811808
15083500608
15070099148
18679118485
13970856088
13507910095
13767428378
13687005118
13732980730
13970819768
13870987358
13870605069
13077993110
13970816577
13970857579
13807081217
13767007122
13907099261
13870969976
13979109938
13707910051
13870915159
13037207919
13607918815
13979115383
13755605808
13767139090
13970020755
15870613592
13617088660
13870889708
13970033220
13970836652
15070017601
13970828480
13907082312
15170469589
13907085356
13576096177
13607080117
13870680667
13870990621
13970808058
13970845847
13607083636
13970024108
13970993399
13576272831
13870860552
13699502103
15070086130
13907085811
13755649616
13870855889
13970058926
15083508546
13907912272
15179199193
13133913125
15070045640
13576045159
15879188009
18607914288
13870660113
13097218787
13767116512
13907095653
13907916118
13870057712
13576263596
13879198153
13879190770
13607082362
15970697318
13699568168
13707098829
13767075213
13155804540
13667919066
15979005305
13807009915
13970960608
15870659480
13970015349
13970853378
13576011726
13807068767
13970011885
13870847863
13740709931
13767118008
13970936312
13870688211
13576099863
13707099121
13970026101
13767116078
13970099253
13970932649
13870835135
13970090556
13979158751
13767151392
13870621588
15970648348
13077910164
13732922075
13970947668
13979182268
13576273081
13870063722
15979118127
13807084399
13870693337
15979070711
13870068562
13870627327
13870997177
13507913805
13807008189
15083526919
13576001908
13699505942
13697090551
13037202369
13970948627
15270967812
13870075769
13607916287
13576988582
13870864448
15070016358
13870948358
15083506096
13970013701
13657085171
13007200222
15979100650
13767168718
13970062222
13755670133
18607919703
13870993322
13870975597
13755659981
13907910670
13576080539
13970850326
13755626676
15979073991
13870980167
13155810937
13879127797
13870684682
13807910779
13027226678
13970981533
15979176057
13607049623
15979108881
13970910227
13907095662
13870884739
13576000597
15979072374
13767188984
13077917951
13576013097
13870617951
13667096939
13177777668
13970094630
13767464420
15070069828
13907083070
15970667788
13576027608
13576265153
13870918221
13970006945
13097210333
13970022372
13767072582
15879180728
13007210417
13755699948
13707097286
13970986033
13970964193
13617093938
13197918378
13870081180
13607913906
13870088458
13970888319
15083820305
13617007718
13576272039
13870908889
13677009886
13047912888
13870864468
13607093845
13803547076
13870088809
13767040796
13879157378
13767007001
13970910686
13970054076
13970849585
13907910293
13979169751
13870965349
13607919997
13576105025
13870979901
13007207146
13576056685
13803526591
13870961012
13803546554
13803530358
13979186582
13970948199
13979198018
13677082249
13767165561
13177813379
13979113201
13979131118
13870800629
13576022029
15979011118
13065132805
13007228355
13803509927
13507003699
13177785551
13807919456
13699501693
13970911187
15070893689
13970090809
13732905982
13687008259
13970019542
13767014909
13970960807
13807008868
13970937679
15979119900
13970019280
13576901541
13667097991
13970062098
13698000981
13879176188
13970046844
13879126000
13699530066
13077901676
13970867685
13517006521
13807009239
13970080638
13707085162
13507912117
13755775585
13870932613
13672217987
13803503306
13970001522
13970011914
13807068880
13576065508
13155837118
15070916018
13907911998
13697085859
13807002133
15180170177
13970088156
13647007866
18679126022
18679139909
13870863282
13257000321
13870888797
13970858849
13767960557
13576046261
13870822800
13807000859
15879115697
13979181820
15070062550
13767111085
13870885296
13177887732
15270860905
13803544137
13970911515
13576047266
13970845525
13807918033
13907001665
13907095812
13707088096
13576086266
15879006366
13979183179
15179110778
13970089739
15179178887
13879150199
13870827828
13979124916
13970882788
13970808618
13870607857
13007216962
13970078939
13879146723
15979061091
13807057117
13970999339
13970878385
15979022376
15270830896
13970032663
13970857369
13870090963
13870627668
13767075287
13803537036
13870929923
13803503626
13970086305
13507092228
15070000355
13879152957
13870950072
13576105396
13755673153
13677008011
13507914107
13170916505
13907095972
13970807769
13755630027
13803503406
13607062545
13979174708
13970950688
13767996280
15879159123
13970841797
13970957770
13607091808
13767453559
13036203159
13687081717
13970903082
13870895389
13065168058
13870858919
13507911791
13607006603
13576145921
13970026396
13907913982
13870659066
13970957087
13979121753
13870069065
13755626055
13870955255
15170242526
13870085665
13807087745
13767166128
13007227750
15070867161
13970093658
13970845500
13707916499
13576278803
15979130918
13803518898
13077949568
13576011590
13576056171
13803533399
13627097498
13979180809
13755660262
13870918229
13907096795
13807063514
13979161666
13607045898
13807000620
15870023333
13740703710
13576262826
15970697200
13879153328
13970870822
13979135619
13803535761
13970027626
13767980608
13870931281
13870835207
13807038202
13755699585
15179189179
13907913393
13870930920
13807057968
13576110178
13907090533
13879191808
13907002065
13870694273
15070810527
13707089098
13125210233
13807916144
13576900539
15907913571
13607088837
13707099315
13907092188
13970007216
13576062100
13576093688
13007282266
13807000058
13979173080
13517007719
13970823996
13979170687
13576105155
13197914404
13870868629
15070020773
13607915778
15070006859
18679103781
15070963618
13970858778
13907089232
13870805753
15070976550
13979116191
13803542793
13576297661
13907088295
13970884988
13807000004
13479156969
13970837387
13979185701
15870025050
13870910235
13576068688
13699506596
13879155876
13698099853
13907092870
15270975990
13576259689
13907910573
13970801300
13077916136
13576086116
13970006742
13879130602
13879174166
13707916765
13970806885
15070006428
13697005888
13870646003
13807003168
13607919157
13576254808
13970826698
13879100835
13767042773
15970677622
13907007034
13065172755
13155804739
13133840225
13755658195
18607080677
13907910801
13907091132
13807050913
13979162068
18679122306
13979122933
13870999126
13507915992
13970895089
13879160606
13576067626
15979195989
15879136958
13870999813
15979117278
13576020995
13970074025
13607911005
13576035918
15170456511
13657095690
13879188508
13870079028
13970895203
13907916791
15170071500
13767003898
13870887223
13870812913
15270902877
15070060077
13870065523
13970086993
15970449890
13576020306
15070006116
13767018727
13576034545
13970075120
13970017886
13970029653
15270015769
13617090565
13732915626
13870690339
13879150888
18607087560
13970999563
13870869866
13807083911
13807030007
13077909798
13007210710
13907099555
15070064557
13870611199
13970058285
13970036576
13970031622
13576937171
13755666585
13870806897
13755772200
13767131411
13133842488
15079027227
13870815598
13879129888
13970055889
13870953262
13979153903
13907098888
13970926798
13879150689
13707910638
13879154857
13970058655
13870984140
13979175699
13870992625
13970906263
13970005698
13007204949
13979138085
13133913391
13807007062
13870929615
13740709191
13027210017
13870992962
13672205337
15079170294
18607088380
13970874022
13507910021
13907009222
13803535601
13170882008
13755602788
13803547835
15079058664
13755766015
13755646138
13184570926
13699556096
13870928919
13007235842
13807063835
13970906785
13184588939
13576971177
13870829770
15070029688
18679151902
13732989295
13979182555
13707910156
15170211177
13970080687
13184580043
13970858529
13870088281
13576130351
13767087788
13767155246
13707091729
13065120525
13006213687
13970094595
13970035885
13699565320
13707913430
13807083865
13177808060
13979195865
13879129595
13807910574
13177775249
13879142108
13870920616
13807912722
15070874482
15970684533
13576959866
13576054966
15270886066
13879125007
13576018598
13672233328
13970910758
13767135158
13576906899
13870847769
13807064001
13607047633
15083518289
13870917912
13970068112
13970901615
13970918348
15170012088
13970019099
13807084689
13807031858
13576931048
15180453682
13970931045
13767955585
15007000788
13607061699
15070025102
13879197119
13803513500
13607918590
13576085527
15879133710
13767197226
13870080920
13970007112
13807049295
13970894661
13807091799
13767081120
13607009669
13803546969
13707915236
13870683336
13755793066
13576109177
13970039761
15179160328
13970065655
13576289989
13803524687
13870669783
13970814566
13970013044
13907085265
13807093781
15979082222
13732971120
15870606660
13707087080
13970075098
13870099123
13627099964
15970478426
13970819651
13027287378
13007217698
13177898712
13576148740
13907917605
13879168815
13979168448
13970091181
15170087186
13870068090
13576079990
13507093636
13870651726
13807001459
13970963108
13807098642
13517001580
13870621910
13870661399
15979071359
13807085274
13077992228
13870069666
13979198488
15070906355
13879109636
13979165777
13807086678
13970808985
13970926958
13667919506
13732928086
13970061633
13517009022
13576101788
13970898283
13870832251
13755680298
15079188818
13870690822
13732961819
13970823658
13607098375
13907916849
15970692626
13970802188
13177770297
13807081988
13707910894
13870811897
13672223737
13979101325
13870695877
13970927096
13970923826
13907081965
13767195003
13732990406
13970011119
13607046666
13879150651
13699551999
13007208119
13870843585
15979090818
13870622869
13970801670
13870876177
15979032166
13755673137
13647003842
13870991747
13870688828
13879198089
13755691015
13979159461
15979058855
13767475527
13732968519
13807042099
13767048711
13576959778
13979117799
13870922266
13870059779
13807097707
13517091617
13607910023
15070096088
13732902688
13970915806
15879102635
13979103116
13970042379
13170882429
13870645888
13607095976
18679100032
13767062053
13907093713
13667080655
13970016077
13699538884
13732982862
13576993732
13807008985
13870889816
13970066823
13879163636
13755670805
13767059433
13767073203
13007209681
13803534998
13803537749
13177812521
13870971388
13970970578
13870823075
13767447068
13732930642
13970955695
13755695790
13870812332
13879125059
13970850135
13576099242
13037219981
13707082699
13870828881
18679103577
13970009757
13879138763
13607086477
15879186600
13006201871
15170220378
18679126989
13617095902
13870684520
13979136026
13979100195
13767179426
13907098000
13507915811
13607915856
13767106626
