15960204362
13906021156
13850091662
13859992852
13004886677
13860167566
13950086362
13906015554
13950065978
13950006966
13666088155
13850055741
13799842398
13799282620
18205997660
15160096713
13859911539
13806030990
13646025656
13666058150
13860194123
13950124957
15110463901
13859982801
18959228157
15980822280
13666042378
18606926773
18659257511
15359296580
15060797021
13950184899
13950157589
13459037754
18205912921
15807401956
15860767400
13860107565
13779960442
13666075002
13859935975
15960834806
13696929959
15359255157
13959230069
13030892202
15959252952
18605025070
13599539535
15880201588
18659220450
13950118794
13860132277
13860161866
13950085342
13666017074
13600920690
13906041081
13850002592
13606082558
13806081911
18959251492
15060743270
13860458151
13459000407
15860742023
15396256076
13950118708
13860423068
13860428288
13850059189
13860183939
13696976594
13950002594
13515968490
15160098007
13950788830
13696928189
13799297561
13779955075
13950116143
13599916378
13779936129
18650122233
13860165136
15160001924
13606057103
13906025018
15280266639
13358372862
13950142193
13799256568
13799840072
13860455876
13799257393
15880206176
13666087499
13950070709
13779942021
15160084189
13859918269
13559208403
15985865569
18650115112
15060757163
18705928158
13656034591
15880261800
13666048881
13600949033
18650101865
15980965448
13275924655
15159197777
13950128336
13950186225
13606084570
15280231106
15980811807
13860166729
15959288333
15980937023
18205984023
15710676556
18950108843
18950127327
13859989304
13722577055
13779992072
13859936114
18805078774
13720883024
13774698155
15860773201
13376982126
13850083790
13950059323
18750233466
13799787072
13599921001
13799278205
15959266908
13859909611
13859592592
13860405042
13859901312
13606054564
13696910375
15880241344
18750210887
13215928071
13616011936
13666080211
13950068300
13860425853
15880205721
18205925642
13696967126
13625016695
15985883151
13655984558
13599507112
13806046359
13616028209
13799296558
15280255391
18606059213
18359056636
13696965062
13666029053
15280236365
13123361842
13606090725
15060778099
13616048889
13617278797
13799788118
13906018881
13860184212
13959261669
15985861093
13606911551
13806006872
15060793382
13850031253
13720893126
13850031005
13799797775
13459018974
13799289647
15880295550
15060777603
13774691026
13599516418
13666026515
13859997045
13950107806
18759738600
13696984979
15960293964
13829908769
13860432515
13459268786
18606094948
13950112456
13328771538
15980881677
15860787776
13489259277
13960008813
13950059706
13459272439
15960237647
13489671578
13806038766
13696986017
13616001868
15060730876
18359747204
15280828013
13859994358
13850007652
13850085909
15060775352
13850047666
15860732510
13600977232
13799799882
15980858843
15959440899
13859982388
13859966908
13400627608
15805920647
13616055864
13275926030
15280246857
13606095112
15259287728
13606004459
13864059598
15980832073
13959269751
13859984169
13860191455
15159231052
13860146298
18606972333
13400665980
13860420377
13799292377
13850032011
13806022260
13656921861
15171471478
15959275913
15259230772
13774692667
13950135171
18965803802
13779933856
13055501318
18205966605
13859956998
13950085369
18228014009
15859290053
15980962147
15160044397
13950178957
13959299058
13779999301
13459032330
15359319053
13696927664
13666022957
13559233458
15980766986
13859945320
15160001960
15880285810
13779996690
13385922725
13616040945
13606000531
13806065275
13806091475
13506099242
13950076813
13806026101
13806013520
13003927796
13859956013
13799287906
15980855083
18650161668
18759147786
13515999446
15859266811
13666025018
15159759666
13859955181
18950070701
13600961843
13779968370
18650112481
13023941831
13799785825
13400755580
15960220733
18965146991
18659203652
15259251081
13400656240
13950010077
13799750933
15980773272
18965182258
13806060815
13696051633
15960384836
15959225561
13290788112
13950133532
13779991537
18650172268
13599921862
15980969341
