18205945573
13779990909
13606037098
15359298739
15880261800
15959201978
13806077654
13599523799
13799296099
13720889979
13600963730
13779964575
15306988826
13906047747
13959266503
15160006726
18750210887
15859290053
13600961136
18965109182
15860734403
13860170155
13959213654
18659291526
13600929211
13720882080
13666075002
15960287701
13906000989
15160040396
18950108843
13950170885
13850003238
15985881698
13859953470
13666010906
13606086193
15959255270
15960201533
13599516418
15809586555
13860165962
13950070013
13860183983
18965131002
13859912007
13696948341
15605027091
13860423068
13600977232
15985885770
13906041081
13959293963
13666015892
15059508861
13950107806
15259258700
18606008226
15985869304
13860162675
13666088155
13850067180
13950076188
15959224102
13696955901
13666963555
13959206787
13696909680
13850009266
13950176829
13696918393
18650158577
13860494552
18965752867
13859766313
18906000953
13600965567
15959293565
15960282838
15060721150
15060757163
13806091475
13599922431
13666028778
13600976998
18606098789
18298071325
13950003341
13696990878
15980899962
13696929358
13950188830
13306030083
18650807520
13720899778
13850080185
13515975820
13860135590
13599510165
13606901728
13779960997
13159259986
13159108575
13860473777
13616047358
15960817597
15860767400
13906006674
18959245501
13860176989
13950001050
13599923794
13606086197
13559246586
15159217050
13720889489
13395996249
13806068698
13067036388
15860777806
13850078218
15960236308
13799259938
18606090976
15359400823
13696956050
15905952526
13600925858
15859218476
13606040350
13626901283
13799272342
13850001025
13600951070
15960265735
18205919081
15060730876
13599542684
13459260535
13860467718
13030878186
13959237575
13515900806
13696921795
18750243728
13599893915
13806001813
13906016960
13950195888
15960268100
18059826966
13625015859
18359056636
13695049490
13799789993
15959249194
13313860612
13365908418
13806083611
18606000915
13328302888
18659262703
13600978727
13606004459
15985821724
15160084556
13859902663
18359733592
13779943346
13850072092
15960271900
13959284180
13959251994
13063040494
15359243911
13459007045
18950055266
13779968691
18060990307
13959299953
15060758030
13600928501
13860191577
15959222868
15980880906
15960214609
13459292993
13860183801
13666087499
13850091662
15985828506
13799755572
15860772904
18959202936
13400616133
15860746918
13606009288
15260293907
18659680333
13806011846
13606061982
18950191098
13696986017
18250899305
13860182951
15860253030
18608135209
13666055705
15880273331
15960273024
13850096789
15960275250
13860420377
15980881677
13385921928
13860469787
18050050498
13806034160
13400690626
13893693222
13959228350
18650155516
13859931337
13376929917
13806083046
18906030580
13959295783
13459214107
18659270177
13606079822
13365900235
13850810505
13779955075
13950124957
15980808066
13505023650
13950197098
13799281764
13860430043
13696987668
13600914359
18650027170
18681336505
