2012奔驰C级挑战赛火热招募中！仅限24个尊贵名额，挑战极致驾控,征战瑞典荣誉之旅！报名热线25017000，82668788【深圳仁孚】

15813815095
13751002328
13902999005
13760257879
13480775700
13711317663
13728749315
18676669139
13798437009
13691695557
13826522086
13725555417
15817460375
13926510059
13590182410
13510137966
13631668314
13632779858
15019268455
13590309428
13751138906
13662240903
13760357647
13534215738
15920078172
13725513709
15914027530
13537738406
15219508189
15013421527
15013752560
13662293930
13510104113
13751093211
18664946036
13590309428
15019267968
13510441191
13609789185
13424380556
13818965658
13428737359
13691855762
13420988516
13632669616
13662296779
15813815095
13823199591
13825258831
13922228628
15013839193
15013822094
13808851510
15013822094
13926063356
13828830171
