13576066229
15083523122
13870855360
15979137616
13879101213
15979105348
13970972658
13576007121
13667089289
13607918287
15270887860
13807055722
13807008320
13870050675
13767008680
13803511225
15970658095
13970919009
13732918888
13807061927
13870838886
13870815517
15979153388
15879014011
15870016990
13807053336
15970484766
13879188766
13879187153
13907911783
13755609339
13803505260
13870694882
13803506223
13755662465
13667090905
13607045023
13870063363
15070885522
13807002598
13970020822
15079002866
18970971822
13870856089
13970849714
15870606069
18970056522
13970028312
13707098216
13803524255
13755655274
15879136378
13807064288
13607911879
15079128285
13879195052
13970977629
13879129166
13970855911
13879120899
13607082849
15079137540
13970802220
13576050885
15079168600
13807096068
13870850057
18979180449
13767015483
18979125925
13870610985
15979156090
13870987934
13607081264
13979170168
13803500768
13970920250
13507083386
13879167590
