A.MOBILE
13512224090
15822798757
13802178902
13612110668
13502065236
13920667751
13810024696
13920822417
13920275406
13502199903
13821329398
13503172920
13485328773
13586093688
13820858561
13603721383
13820801539
13820669256
13920668576
13820285075
13821575665
13502005358
13920240164
13821892058
13806798312
13512236741
13986263566
13752695998
13920603296
13502060092
13602057321
13820170527
13702070512
13920479925
13920796862
13752315791
13821529065
15822040807
13602109691
13820619029
13512215862
13821233288
13652080607
13702098588
13851510424
13820509596
13516259500
13512950358
13902196734
13803039696
13911286696
13752361999
13652003616
13602113650
13682078627
13603576023
13821820811
13920420796
13820006000
13820190788
13602009127
13920250796
13512089576
15860698001
13752071933
13920048277
13602001685
13920618342
13512207900
13820785965
13752085528
13833435866
13902081456
13802190338
13512058687
13682080020
13920473691
13821520611
13902010500
13820098212
13642188095
13920416244
13920376944
13820523347
13851152099
13820268038
13512413994
13920596786
13821566804
13722769012
13920219786
13902018928
13902152448
13502021359
13562407116
13612005678
13821116125
13502149309
13920161994
13811992415
13702031969
13920100699
15822406187
13902000525
13502136665
13512283422
13752222418
13602186354
13803022655
13821906688
13803161975
13820050888
13820088078
13512962678
13512493735
13512006598
15902287779
13820330813
13622050101
13820558667
15620794618
13879856343
13821756657
13752228673
13803016365
13821998887
13920246099
13752206394
13512933146
13502098020
13602015451
13602166900
13820974511
13512215785
13602040109
13821905129
13920423906
15922208000
13821617425
13920996643
13920029965
13920687330
13662051527
13821001721
13820848262
13802113192
13502167772
13920908808
13931631911
13910139961
13820631998
13820273252
13910826492
13902121169
13803002092
13662000001
13512266666
13920076868
13752458885
13821522066
13820003488
13612155696
13802137612
13920388152
13642000111
13803011009
13488869707
13920305002
15822239634
13920221389
13820611777
13612006699
13512467869
13501181169
15822187462
13622006900
13821038697
13512288888
15822701888
13572051982
13488831727
13820821481
13602085511
13820518248
15620463557
13820970932
13512251293
13920196324
13512054060
13920705113
13920418898
13752306043
13752455868
13920779718
15510907811
13802107868
13820398611
13821115738
15822064087
13502196855
13821229188
15964003965
13612013909
13820876999
13902012116
13920546899
13516205557
13820786941
13906358485
13702070058
13502029622
13902128000
13602187091
13820634248
13920696908
13516296816
13602026612
13512067117
13821602619
13902194118
13502133620
13622154402
13920320941
13901211190
13622080001
13911941484
15901412855
13702188935
13602005266
13920702332
13820294896
13920837887
13502198403
13920775103
13833893389
13602127221
15900397811
13911281017
13702072243
13902120076
13820371058
13920303312
13516137555
15822126636
13821132686
13820780281
13821656763
13823803888
13820298280
13622021253
13612126650
13911344508
13502004471
13820241079
13752131404
13920791755
15900343080
13775052929
13920801108
13502066408
13821968285
13516253818
15522803163
13502086760
13864792986
13902180607
13989600111
13602132338
15692233325
13671085530
15822183450
15902274392
13920035548
13820989180
15900268399
13642010714
13782285553
13512999120
13602117271
13820865501
13902095391
13820159201
13920601777
13820423333
15822122096
13902096996
13802197897
13910821924
13802118019
13502013365
13752359548
13920247088
15866668888
15922108713
13512280680
13512008760
13902126149
13512276371
13802123699
13920606966
13502123955
13804259628
13512290638
13920580403
13902110011
13812030788
13622066670
13521619255
13920111888
13920098288
15620800957
13902044658
13820177948
13505363033
13920305511
13502102548
13902000260
15822812521
13602059089
13702138628
13821767012
13902000539
13920829235
13821200953
13821329059
13681148226
13803056307
13820568168
15922128038
13752019741
13520716915
15692266588
13820290110
13821460068
13662071717
13821513380
13603241301
13802188955
13731636606
13622088421
13511056930
13836345995
13682163075
13811332891
13811173732
13821121005
13920420600
13702019626
13820599099
13581585105
13570066676
13803089158
13602177942
13821182918
13902069818
13844303543
13752597755
13920064778
15522872813
13671360380
13512243425
13920171718
13752309961
13612043833
13901082365
13512424759
13803011021
13832764988
13901188129
13920474790
13820035382
13820388481
15922227958
13920430033
13706435066
13821398482
13502287757
13820662578
13902195712
13920529799
13820667082
13730561999
13702164451
13920253016
13820211177
13911320394
13702174310
13612050004
13512001523
13612109643
13920376926
13813358888
13612038655
13821553113
13920511068
13920315641
13502077782
15510991361
15522738665
13802018866
13820093401
13920521325
13902112921
15902259626
13512094306
13821578608
13902065959
13672024960
15822425858
13907280299
13601071701
13501340572
13920229322
13752379093
13820869999
13752253443
13752353150
13820487558
13800318758
13920970588
13953177787
13801307110
13602058632
13920476477
13612114589
13702180228
13902178383
15902236221
13752735371
13821567249
13920354396
13785609199
13805664416
13502013037
13802089830
13920620731
13512219219
13902129310
13642169525
13820188198
13820097136
13920676655
13662195227
15901317282
13512874514
13672453680
15822418216
13512970356
13699198838
13702099224
13920218007
13820988369
13820289881
13426217536
13662054790
13920562550
13602026298
13802057775
13502106606
13752035712
13902058036
13662063087
13902078086
13512805962
13622059390
13920821332
13920501580
13502170627
13512029184
13803022493
13821117780
13821539226
13602197755
13512232722
13920252171
13512941608
13622110133
13920606215
13820690929
13820890166
13920805553
13608978961
13752088817
13820566117
13602133989
15968334488
13752331929
15710212418
15620533333
13502093620
13662150200
13612174381
13718765432
13602016988
13920221687
13821098316
13752083353
13920606662
13821758396
13502024022
13820228778
13512063376
13820055328
15922009830
13820070918
13920803723
13821286258
13920154441
13602043002
13920373969
13820282982
13752367365
13820588285
13752094287
13920510058
13920498535
13920886948
13662018199
13602059980
13902129922
13512081908
13516141678
13612180674
13752054911
13652064868
13803046035
13920822880
13642120249
13702171862
13902092631
13512430777
13612051589
13920017357
13512099916
13821697311
13821539077
13820292305
13602056620
13821121606
13820832345
13821953955
13902098390
13803053582
13820655233
13612189188
13622015198
13502092092
13821470016
13512808631
13820069230
13752767730
13602063608
13502032311
13821332963
13820123343
13602193881
13612061897
13920686968
13902062608
15900235261
13820194620
13821061955
13702028800
13820997888
13920554918
13820898005
13820771651
13920997277
13820588322
13752229101
13802084161
13820811291
13920376323
13920013535
13803005168
13512295198
13920892222
13820082679
13622030598
13902112958
13702150578
13820646721
13502150388
13902106462
13920708926
13820032001
13920018981
13512962999
13803031421
15802239858
13920265392
13820559028
13502022525
13920353608
13512248969
13802112131
13920527199
15902201211
13516187411
13920923050
13821469566
13920010666
13820581773
13602109073
13622023626
13821184312
13502056500
13502122358
13902123033
13702019700
13821037077
13502086109
13602088881
13642135860
13512076669
15602167636
13821077701
13820352430
13821262717
15902251678
13820623838
13902118712
13502171779
13920345586
13502086897
13802123568
13752514584
13502176502
13502177598
13821086109
13820402488
13820902909
13502099868
13821609198
13820866296
13820329315
13662095696
13820898140
13802060326
13821018118
13820416627
13602162095
13821963633
13820340889
13612031242
13802022810
13702068791
15922014041
13820299970
13802017286
13602007460
13821255666
13752591665
13512290750
13612199188
13820844801
13820107711
13820306266
15802278439
13802041096
13820666332
13820201885
13702097448
15822919662
13502170022
13752288899
13702121326
13920801618
13820385156
13920111301
13821598919
13902017972
13752005978
13820087836
13821102562
13642004673
13902158847
13820436165
13920335633
13682073456
13672183008
13502012221
13752573821
13602004567
13920120986
13820412872
13820819047
13920810379
13821991220
13702130483
13920984358
13920283868
15822732016
13502065732
13902123285
13820689165
13902016790
13602089516
13821299820
15822033191
13602080661
13902144276
13902177582
13902000508
13920260722
13752569999
13821441782
13512995022
13502089645
15802255445
13512063420
13820372604
13602185775
13622012680
13820045482
13612169918
13803045876
13512249814
13820513656
13920258371
13512867768
15922105416
13602079696
13752252305
13512883519
13820099530
15620147101
13821985238
13820683089
13803045302
15900235780
13920998819
13920826899
13702069600
13902050328
13820092992
13920416897
13920634206
13920705848
13920410806
13902178569
13682050928
13802154218
13602150070
13820266662
13920903875
13602047219
13920059979
13502009810
13752032013
15822047041
15900380000
13702050598
13803050555
13920398666
13803076000
13821686626
13803012053
13920363599
13920049400
13752139839
13612127408
13752534055
13821158808
13902057813
13612174368
13821238590
13920911811
13920313675
13702167404
13820900032
13820837291
15620662578
13752659293
13803013982
13920828673
15922082884
13502183539
13920118616
13752275599
15822111226
13702028268
13516265556
13820553089
13502175807
13920573384
13821380655
13512061183
13920299080
13802192727
13802033393
13512209761
13512005488
15900229544
13902166842
13602054712
13602102579
15922151916
15922180716
13820498878
13702028438
13920081107
13602066062
13752703212
13920341088
15822396285
13821708582
13820721199
13802188098
13512413823
13802021870
13821303475
13512231159
15900218808
13512087040
13920720858
13752535383
13512860328
13512871221
13642146347
13652102658
13920618628
13802194597
13920138386
13821865338
13602168836
13920288746
13820917153
13920440036
13820253816
13516287065
13652051921
13902148888
13502106478
13920001289
13920538219
13752481071
13502055077
13820788318
15922054861
13820300789
13820372227
13920822017
13820106382
13820988128
13516120157
13820553683
13502095850
15902221989
13622133320
13702088577
13702000208
13920722336
13820902916
13820587820
13752180335
13502155988
13920381716
13752228253
13821158900
13920868852
13820662719
13622007156
13920308188
13920338337
13820880165
15822551724
13920771116
13622073937
13820006078
13502196731
13662176091
13820264078
13602083865
13802160666
13821270560
13752650288
13820986925
13902122452
13920017226
13602177931
13920288973
13821869822
13802032273
13802172399
13652122432
13920843988
13820482987
13752327491
13920426029
13752388147
13662010813
13512868610
13920850899
13502099589
13502110349
13602060601
15900393905
13672015018
13920082608
13702081652
13920027177
13516273321
13920910774
13516210666
13602035886
15522265049
13821509623
13702162203
13802188465
13642052056
13752590285
13802124636
13662077636
13516219188
13702180179
13820944385
13902171428
13920412108
13920334480
13502095856
13512078608
13920668637
13820678078
13920843015
13820997722
13702078693
13602098889
13920659747
13512234040
13920021066
13920089973
13821848978
13920286963
13821318411
13502061126
13512298101
13512221159
15620198813
13920226196
13820589340
13602018438
15922136223
13516213925
15900249185
13821289656
13902175747
13672098301
13602009986
13920727707
15822893427
13920003279
13752691366
13642149187
13920316898
13902083233
13920116918
15900378305
13802162492
13902129189
13821872758
13920544893
13920936120
13820007877
13752623909
13902153303
13752402122
13802170378
13602000582
13682168893
13820143236
13752481064
13702031381
13920293211
15902292702
13920828416
13516132108
13752358705
13802079242
13821268095
13902169566
13672001144
13902152289
13920790530
13642006727
13920827188
13902156660
13752059108
13920309918
13820989063
13622022651
15822939188
13752452615
13802121810
13512239673
13920712766
13821652020
13602115953
13512019639
13602196785
13702035216
13920809000
13512800995
13821805378
13920828811
13821328788
13920100098
13920683078
13642091058
13512069915
13920612697
13920516192
13820985616
13920471637
13602164839
13920413349
13902182217
13802097025
13821354261
13802091698
13821560892
13602082678
15900284607
13821061090
13820150770
13803084456
13622004873
13820880270
13920851500
13602195568
13920728800
13512267120
13512237000
13702070868
13820302682
13821616669
13902196931
13752332393
13821201032
13820964962
13920418809
13702168610
13920981625
13820625956
13820429668
13602053221
13672013234
13502121969
13642073083
13820032273
13820205288
13820376393
13920805936
13902186063
13652006384
13502168966
13820051606
13602056859
15922161506
13920919895
13512201111
13752597188
13821872362
13920471630
15822493761
13752629316
13502183321
13820663591
13821491812
13512009636
13820151235
13920235736
13920816811
13512230001
13920516668
13902056288
13702022973
13821386910
13820733789
13920359045
13682199570
13516258580
13820284242
13512200804
13920836065
13920409740
13516152125
13502056565
13820205925
13602026967
13803093265
13502101201
13821196101
13920764841
13612008155
13920030924
13821896980
13602060042
13920776599
13821202861
13642110105
13702183162
15900209510
13820570220
13820366168
13702160516
13682145118
13820521765
15922265195
13803068778
13502062910
13920677753
13802127353
13820179190
13902142398
13821815958
15900278583
13662055821
13902020533
13516201356
13752423333
13652058988
13821315476
13920278060
13820170104
13516270266
13920991169
13803057838
13752278092
15802207345
13602091503
13821282900
13920682896
13752464781
13642165505
13920916002
13602081601
13820601880
13512991952
13902043326
13502198889
13702176000
13820038055
13920602070
13821276663
13802115335
13820073331
13803069684
13602185111
13821328600
13920011860
13512813795
13821378732
15922153562
13820747175
13752211083
13820086565
13820818334
13803025030
13920700999
13802033899
13920236208
13502004649
13902068686
13820333001
13820937099
13902061653
13820568883
13622031111
13820157145
13752724428
13752222810
13821815959
13803006375
13803017033
13512999337
13821186538
13802016070
13802002402
13820012200
13920302111
13602121413
13902184467
13920712951
13602115151
13821585757
13752330818
13820268518
13820528877
13920474992
13752762658
13920612467
13602128991
13920322656
13682060525
13820091808
13920802683
15710203579
13821867066
13920713111
13502122688
13512863737
13512261810
13682022166
13821235999
13820185220
13512261578
15620770991
13672024708
13803045599
13920696699
13820530209
13920197106
13516259725
13803026261
13821989688
13821283683
13820389305
13702037111
13602003672
13820262073
13920290915
13820188266
13821063677
13602102482
15822330058
13752252664
13512236137
13502107866
13502139894
13502121172
13752195992
13920666727
13802180446
13920158501
13920285518
13702110220
13821184057
13803002433
13502132760
13502081896
13820892009
13672025861
13752508085
13820280536
13752038413
13920337185
13682009136
13820988967
13602086668
13752483368
15822470618
13902163086
13803060426
13512884508
13602003885
15620293481
13902171703
13752393180
13820385050
13702168020
13502145546
13820308177
13820981918
13622009067
13920286292
13821112621
13920907775
13602077666
13602107598
13602179922
13752258984
13612168699
13820269162
13920107366
15620326593
13920710686
13602106126
13920201112
13512235533
13652188799
13821614659
13920286225
13512055669
13821576572
13602188299
13662160551
15922177262
13920456206
13820237877
15522309181
13920239698
13702088761
13602088472
13920808226
13821630019
13821488588
13821828772
13820789456
13902075087
13622111887
13602055048
13602025178
13920838842
13902029528
13502123681
13602061257
13820091080
13821083026
13802052377
13821826576
13602159060
13820487799
13803024486
13622130277
13752699797
13512017840
13820806219
13902021333
13752668166
13803081618
13821800943
13821682257
13502092130
13821162413
13920100030
13821986362
13752756818
13821161790
15922231988
13920828425
13821360267
13602030018
13821582700
13902129449
15822166266
13902049433
13920174611
13821912582
13820587229
13512227790
13752223325
13902016078
13820429168
13612002069
13902029872
13752548231
13820873570
13820673239
13802012180
13821263921
13602067776
13820371618
13502009898
13602051319
13512951498
13612100156
13820968001
13920658901
13502058097
13821369170
13820688757
13920455642
15902283998
13702100126
13502058429
13502097323
13602021070
13512917956
13622160008
13602106313
13920060168
13702106666
13920347614
13512099468
13820727002
13920893393
13821798798
13902167101
13752388288
13920560145
13820207328
13821161951
13516154700
13920471314
15522263584
13602124005
13802181855
13920772869
13920485415
13920066565
13920460667
15822068380
13602014060
13752773222
13512497777
13902008118
13502189125
13752735201
13512835286
13920955548
13821597260
13820277548
15822416254
13512061410
13820222899
13516172138
13920309790
13902156762
13902162452
13702056511
13642060678
13920356411
13820127777
13602133900
15900232300
13682180981
13821262260
13652090257
13752338800
13502064521
13612034567
13920032515
13920219331
13820209898
13821779928
13502003888
13820482080
13512067119
13702144778
13920930709
13820385471
13752533218
13820671087
13821668800
13920394802
13820463336
13512929511
13752031336
13502198221
13752734693
13752612160
13820218007
13702096358
13612081309
13821130928
15522218161
13512242626
13821733935
13820983013
13820787896
13516151400
13920579100
13820635188
13512069381
13821481646
13821871771
13602158925
13802149896
13752229085
13702001796
15602155073
13512234095
13920600004
15822861184
13502032305
13821621641
13502135927
13752090735
13512083018
13502002678
15900257777
13821098164
13682013642
13820663035
13612025059
13920867750
13920468069
13512286955
13512001586
13820048570
13902168876
13820729331
13920085060
13512224030
13702121508
13803035895
13602111181
13920707722
13920939282
13502192480
13802167097
13920096712
13752456925
13512865655
13512252601
13920042929
13820661244
13752620598
13752091585
13920952558
13820295823
13752279846
13820715672
13820382920
13512244445
13821511593
13622099089
13920415818
13920343627
13821055001
13820118689
13920436388
13512086688
13820910001
13502081236
13682108931
13820579020
13752154666
13821385580
13512888920
13752648363
13502180501
13502072766
13821178939
13752348912
13820320347
13512207973
13820157868
13502196898
13920539658
13602106068
13902095152
13821203989
13662138246
13802053135
13920193303
13920379502
13802166386
13612133840
13820904138
13803010860
13512992036
13920062716
13902103965
13821312845
13920762909
13820290356
13821430487
13512266837
13602029347
13802045105
13752661094
13752688098
13820816799
13642168586
13602060770
13752252776
13820601158
13662156257
13752300300
13512200111
13920769772
13920379244
13820788377
13752455029
13820798635
13502002026
13512225070
13502101480
13502011980
13920166852
13702187748
13821730290
13820351481
13803047108
15522457545
13920398585
13502050215
13802068995
13702005004
13512079007
13642141418
13821282008
13920908666
13672068256
13920950540
13821775118
13920211200
13920791234
13920301358
13502187165
15822059688
13821900889
13502034451
13752095979
13622162472
13820098130
13516200596
13902118673
13502180109
13752590271
13920979647
13920801669
13702035163
13820044727
13702162172
13821262139
13920460750
15293086142
13820195088
13752216199
13920156139
13821266957
13512233318
13920950394
13902003197
13512080739
13821180020
13902125250
13920281898
15922292676
13512235236
13602106955
13820878155
15902216545
13502065025
13920210838
13920680668
13820859661
13821119969
13602023608
13512855390
13502130616
13820255118
13820975091
13502035862
13602046124
13820800311
13752218811
13920270001
13502057254
13821260258
13652108613
13802181981
13820839608
13820483311
13820815043
13920214219
13820880054
13803075550
13920895002
15900265458
13820087292
13920161755
13512004411
13920050108
13802126618
13920802309
13920485832
13821752176
13902098276
13920938323
13802015898
13821566116
13602073119
13612048263
13662064975
13902059719
13752315965
13602006832
13802183777
13802163376
13820587551
13920397858
15822044231
13902017236
13902125993
13512000356
13622097981
13920559130
13516120828
13920808379
13502094201
15900305483
13902168955
13512060518
15802249199
13920488385
13920390148
13512280122
13902199596
13920969778
13820180677
13502109025
13602009285
13622005300
13821355366
13752616133
13821434061
13602137777
13920710899
13602077777
13512291772
13820600113
13920895893
13516273502
13920006048
13902141756
13652037444
13612157541
13752073111
15922231293
13752179969
15522242901
13902056631
13920618881
13502071107
13920669812
13512262570
15822852507
13602123566
13902136355
13920388610
13652088888
13672184979
13512065612
13512466381
13702000116
13803095848
13803086678
13502019398
15822432685
13820236242
13920667817
13920606617
13821826395
13752688565
13920096618
13920078109
13602032665
13920556736
13752286666
13502021231
13820191919
13512850000
13802131166
13820852783
13820915170
13803096916
13920411275
15620388884
13702067663
13820267698
13821991281
15620206798
13821927220
13820716946
13512246986
13820095080
15922090353
13821606255
13820488996
13920343889
13920388380
13512407907
13821056941
13821175238
13920292376
13920715000
13920460547
13602193027
13802110808
13820256376
15822036135
13512412125
13821439851
13902006800
13821779933
13803069789
13512421086
13802162267
13820437756
13803095119
13821381749
13821063377
13502009551
13803070641
13920315265
13820109740
13802153205
13612191588
13803055658
13920416628
13920878797
13612132254
13820366966
13752357886
13702018699
13821777324
13820768222
13612036231
13902007999
13920000387
13803058550
13602133226
13602063425
13920074554
13920559814
13820090003
13820766077
13752005908
13752081908
13602026786
15922109598
13516266696
13602028880
13920414369
13502066667
13820905593
13902094032
13802031498
13752333978
13920385139
15822467280
13612177920
13821757257
13920133691
13512220969
15802265298
13920800910
13902095548
13502067322
13920819200
13502188866
15620255998
13502134402
15922103111
13920507335
13752023573
13702080615
13821872241
13752656173
13502005535
13820699646
13920027095
13820660168
13512961776
13821014648
13802171791
15522678825
13802039699
13622104677
13902062801
13920875312
13821097666
13602016959
13820196361
13820866129
13820881242
13902160419
13920386856
13502122682
13820689978
13652123808
13502008933
13702156767
13920820256
13821528189
13821308899
13821156199
13702179685
13602080166
13902073322
13920605088
13920515758
13602115806
13702035220
13752399973
13821552602
13920346767
13821561728
13821675677
13702160574
13920969070
13902080131
13920419496
13920923118
13821268193
13622103026
13752063361
13902168086
13672107166
13920486902
13802017730
13602117127
13920369032
13702151791
13512044157
13821158236
13820204666
13502179466
13920811767
13920479426
13821656188
13502033981
13602075071
13820038807
13512291220
13502098318
13820689556
13820753730
13820558125
13920393351
13820486789
13820046556
13821656607
13612020492
13802025640
13920963970
13662089883
13902199811
13803049652
13702175999
13612140549
13820190266
13820407545
13920001779
13752165806
13820080802
13602071985
13752628718
13820262888
13920652086
13602084906
13920939377
13752260701
13920820038
13920387412
13920830595
13512091777
13821928502
15822802823
13512014758
13820813916
13920207299
13920363036
13820297955
15822513128
13920811685
13920369781
13820470720
13920618000
13652082282
13602116050
13602059753
13820078904
13920088116
13602119808
13502188912
13702055375
13702063399
13821521803
13902162158
13920503815
13702151855
13642118806
13612136105
13821668062
13502046071
13602136535
13820248008
13820896787
13802113075
13820805318
13502195659
13802184315
13820434185
13821532302
13602102405
13512058860
13752081698
13902170982
13820988363
13920706713
13502182973
13920855696
13820295261
13820022868
13820500101
13502086615
13820040570
13502065551
13920455994
13512297777
13512087679
13502036496
13820299988
13920086532
13820224677
13502113581
13821050021
13920461525
13662162082
13920862280
13820599484
13512801297
13702020258
13920474611
15822502305
13820149545
13920238190
13821000904
13820721126
13920967765
13602079352
13920464699
13512067189
13802001431
15822956868
13502093300
15822767118
13752325989
13752745416
13516149985
13622009999
15522155595
13820612378
13820783226
15900399604
13512288199
13802051938
13512832141
13512999281
13512001234
13502000358
15822118700
13821318618
13702056492
13512003259
13902131746
13821665777
13920361688
13821356916
13622001879
13752534884
13820204844
13821230558
13752062103
13602063418
13672002554
13662145679
13820080852
13642082272
13512900721
13802093831
13821086899
13512001577
13821931696
13821062285
13672010802
13512046818
13752365889
13920715296
13752538639
13602017447
13820373178
13802061573
13502087869
13702107905
13502071989
13752303221
13502121033
13682066580
13752537380
13802061579
13821325751
13820076200
13622021662
13516208712
13820603197
13752330568
13502127957
13920758990
13902037970
13602121005
13821688999
13672015120
13920333310
13512800700
13803015230
13802017658
13502179410
13602009331
13752209738
13821205865
13920908767
13920739366
13920990162
13920323054
13512805226
13920395855
13512236580
13821073333
13602187828
13920968888
13920088361
13512850088
13682187300
13821637333
13820967912
13920619221
15822496948
13902001046
13920314527
13920568112
13802165440
13502126443
13512265295
13820539865
13920226288
13820705505
13920965096
13602101625
13820082387
13820411299
13920283119
13821575753
13920835443
13820462105
13502028655
13502023660
13821581581
13502072186
13821830653
15922256000
13602128590
13902066108
13752284880
13820371611
13602064903
13512819475
13516173394
13820888920
13920450276
13602051328
13821369313
13502078665
15802272527
13602026306
13802191026
13512879858
13821087608
13512818385
13920586136
13902055698
15822112259
15802223482
13803089751
13512259002
13512267681
13902162624
15822713761
13516159997
13682021487
13902159346
13802008287
13803098470
13502061002
13902180985
13920208963
13502106777
13902052399
13803030050
13920800222
13502102866
13820572800
13920788567
13820301388
13821041444
13821789441
13820869826
13502098550
13820726331
13672189877
13821324895
13920463178
13612058896
13512076668
13802166196
13512932088
13820158888
13920196750
13920421605
13820628656
13920841046
13821155454
13820730202
13622178818
13920078012
13920691687
13752431288
13512007415
13820572656
13821384910
13702028313
13662134931
13820408881
13802121772
13821175895
13820773355
13502085188
13602163198
13512492800
13920404934
15522363311
13920451860
13920749736
13752079879
13803049937
13820129762
13662173007
13672119550
15822370105
15922201985
13902157722
13902080108
13662182081
13920678688
13920558819
13820213622
13802150768
13821189567
13821170627
13662091882
13752693002
13920800286
15902277951
13672086313
13902068234
13821617120
13820361779
13820368369
13820080681
13820032216
13820148718
13752037777
13902102990
13920827826
13802100003
13920967025
13920450203
13602051545
13920201917
13920267410
15922272888
13802096490
13820102388
13752723386
13920952524
13512012676
13602030966
13821558000
13702088831
13920354594
13920330070
13820315805
13821145025
13802126810
13602037890
13702171899
13512416955
13602090395
13920618080
15620369409
13512910585
13821309278
13752275817
13512066795
13920961666
13820882040
13752125369
13920601030
15822643656
13920307070
13752322555
13642066288
13516149089
13902099537
13702078505
13752038899
15822273274
13820385389
13752453945
13920477515
13662000999
13820205266
13920462798
13920259169
13920426806
13820891359
13821389277
13920008928
13920951208
15900281155
13802107812
13902095786
13920214832
13612129368
13612158589
15900377788
13820117647
13702059328
13642036803
13820472003
13752341796
15922297999
13702076085
13502180958
13802016822
13920340171
13512416336
13502190911
13920827909
13502123777
13512057911
13920444808
13512066865
13802015445
13702097083
13752543663
15822604146
13821183319
13602116382
13802007692
15802209425
13602169972
13820266316
13662059631
13920567651
15902266960
13820767900
13803001950
13821620916
13821008680
13802115298
13920823449
13672018756
13920068988
13802055713
13512202912
13622136420
13820301654
13820896687
13920739191
13502171025
13602060393
15822180838
13821206309
13821766555
13602003366
13920800900
13920832363
13622001830
13920800100
13602175374
13672015949
13602188128
13502088270
13752068498
13820986885
13502106206
13920702965
13622151769
13821951619
13920357699
13902072250
13821621896
13802077107
13902107718
13672132105
13920379297
13902170604
13821315261
13820989999
13820831933
13602084325
13821582063
13821363540
13920893272
13821222075
13920444441
13821909005
13820860966
13602199068
13612167688
13516202678
13516140477
13820387532
13902008588
13920078784
13920458758
13602196764
13702001555
13602126900
13502123730
13920454105
15822231258
13920156512
13752636856
13802111177
13803003779
13502086697
13920977009
13752551432
13920123433
13502103821
13821175168
13802029875
13920392885
13512001666
13502128455
13920469703
15900331215
13920475988
13820811050
15902255166
13821283815
13820515956
13820847272
13622006566
13803008583
13920811313
13642133441
13602083002
13821124897
13752356097
13920781558
13622133276
13803066506
13820306148
13920766661
13821039546
13821030290
13920899282
13502030570
13820899011
13821909889
13902030206
13820761080
13821389997
13820680822
13820683036
15802268818
13920864647
13802078161
13516149329
13502023481
13802181599
13920438696
13902135825
13502104404
13920908721
13920099757
15822663141
13803029428
13920278107
13516118988
13821560322
13820876184
13821823900
13612067828
13902055572
13802168893
13802191248
13820578274
13821657887
13602023820
13821765337
13820184444
13802133392
15822719858
13820120490
13821522555
13802133490
13821233562
13702013232
13512253177
13821955629
13820775418
13920531200
15822447559
13802198696
13902121207
13512066215
13602080464
13902154208
13512271972
13612103618
13672173863
13802179188
13803096292
13802094687
13902021227
13502130606
13820921812
13752225599
13752368073
13920601767
13902178289
13821899168
13516166804
13820107834
13920529468
13820554295
13752001587
13602169971
13920900636
13920293599
15522187885
13920021145
13920960069
13602001320
13920671881
13752554060
13702082074
13920969010
13902062253
13820666169
13902078888
13682120851
13820470640
13702128515
13502192818
13803083606
13920715326
13820164158
13802125423
13820738887
13702157591
13920328634
13820366915
13502152098
13920837448
13902095327
15822336090
13602076885
13902169425
13622163338
13821971232
13920060516
13752724892
15822527948
13820510225
13820843633
13902163089
13920201256
13820559722
13502026888
13821980500
13821123623
13902117648
13920635549
13802086662
15522003520
13602125427
13516298060
13602138108
13920875649
13821508188
13821000000
13802018322
13802108850
13820889236
13920020886
15822986973
13820728981
13502157209
13920823088
13820019166
13821188138
13920234328
13512952831
13622167490
13752794857
13820941808
13821054157
13502109706
13622001596
13821280383
13820969930
15922191663
13821394080
13821205304
13902027099
13512267211
13502031699
13702008229
13602112012
13820658005
13820406026
13502034613
13920290138
13752068307
13682108079
13820878116
13602097896
13516290304
13821839089
15902262838
13612109178
13920880795
13662100068
13502006606
13920532502
13502089020
13516192139
13920968202
13820341757
13820485953
13920228729
13752211508
13702152079
13802187768
13502195940
13672127999
13920205884
13752369917
13820250112
13920000538
13920392036
13820776364
13512082511
13752235098
13642023759
13821773562
13803009965
13512805575
13802080469
13821483333
13672109826
13821283681
13502022826
13820631378
13820938923
13602098593
13902122781
13820601979
13512055612
13702074588
13602133361
13920022686
13612100263
13602080389
13803016555
13752333300
13502012900
13820888685
13602056748
13512809178
13820194745
13920226101
13602043985
15902239898
13622125878
13512915051
13516216118
13920820789
13502012566
13920968130
13820069661
13920421976
13920668004
13820523838
13820183300
13516287770
13512992822
13821233846
13820429629
13821957586
13752234090
13612139131
13502159000
13512889900
13602133146
13902123782
13612001227
13512815011
13820717272
13820474339
13752366218
13622019291
13662056622
13920418186
13821344999
13502002688
13821184511
13512405209
13516132722
13642000088
15802255817
13920572702
13512098016
13920229099
13502069609
13752725813
13502197513
15822793386
13920150666
13802066143
13702190551
13920828500
13802003583
13702162595
13516178816
13512957245
13752622155
13920928819
13512215301
13752207611
13702162651
13622156312
13821715569
13902160742
13920828349
13516111105
13502151031
13702042476
13802147985
13920764404
13602020768
13820796039
15902212033
13502002958
13821086868
13702023626
13902011928
13902075830
13516187316
13820194047
13682113910
13502110521
13702007711
13821545690
13902168263
13602084698
13920501904
13821056585
13902142170
13820882908
13920090236
13920474851
13920253369
13820099587
13920540847
13820866867
13702062181
13642068583
13642139136
13920415223
13821080878
13652136680
13920613881
13920439679
13821895672
13512200638
13902056571
13920440976
15922150456
13512406706
15822481234
13752222089
13602015452
15822236669
13820901638
13516135400
13802099922
13622090101
13820987728
13820588856
13802101908
15522393806
15822602158
13803009328
13752358195
13512256900
13622034326
13920804126
13821192758
13803083608
13920461704
13602025296
13920386232
13920103280
13821802109
13902050300
13920399627
13820918439
13512272410
13902185832
13920357777
13512878068
13821306433
13821231221
13803059333
13920089938
13662110000
13512003733
13752064870
13642096415
13602100613
13920379700
13821362918
13512867688
13622092299
13821808018
13920091674
13512215856
13802008519
13920587454
13752001748
13820302448
13902095959
13920835508
13752796231
13820786187
13502115345
13502125602
13821228716
13516159986
13820642768
13612128148
13512000740
13902110220
15902251918
13622065374
13920807528
13802032346
13920228908
13920218090
13702166140
13702068375
13902133894
13820982558
13516237711
13752090432
13920083333
13920455661
13512820048
13752008559
13821893968
13820733399
13821068729
13752676424
13821647928
13602109895
13920278260
13512085904
13821570678
13602101548
13920479454
13602089038
13920907380
13902162867
13820848028
13820719283
13752400668
13752198018
13803007223
13512880677
13920641961
13920828235
13612128895
13821342318
13902163033
13920803434
13820650383
15900279814
13920981821
13752793922
13820731856
13821774334
13612013530
13602075088
13821678284
13920000219
13920055151
13702151951
13516255168
13502003163
13512003558
13512271858
13682075256
13821143359
13821158915
13820231688
13662002778
13602020777
13512026404
13920962396
13516168392
13920803203
13702020950
13902128555
13920482178
13612025064
13662138373
13702106959
13920193275
13602023529
13920566543
13920920875
13512405742
13752037567
13622168387
13902119371
13820259333
13902192283
13602009060
13821458868
13702174132
13920512892
13516166467
13820858786
13502017978
13512067085
13820265668
13802104017
13920805282
13820688890
13821355428
13802145019
13821559791
13820339477
13602009848
13920402366
13752454673
13920678958
13920188266
13821197107
13502051786
13512995155
13602012468
15822032589
13820585665
13821100003
13902151925
13820300518
13682081397
13516211815
13642161912
13920329259
13682032299
13820864220
13803080901
13821216888
13752035911
13803095689
13920478418
13821866116
13820962688
13516191618
13662061848
13920158999
15922228628
13920559065
13662162488
13902158230
15822332929
13820485633
13802034955
15900288188
13920095690
13821376281
13642109688
13820291877
13502188889
13902139917
15822963665
13920494379
13821977065
13662137399
13602009326
13902041391
13512403456
13752066169
13752506677
13652017003
13821038883
13902008995
13803020015
13902080800
13820989816
13682164140
13502155879
15922057682
13902189680
13920471959
13821348959
15710201410
13820244298
13920406222
13752277576
13802109179
13920116145
15900253775
13820485208
13622115216
13920400996
13702051234
15602189183
13821159095
13820297123
15900267067
13820769307
13652026235
13682085555
13802155298
13752687564
13512908989
13902121659
13803003005
13602030266
13803013413
13612011249
13602055252
13821922388
13820491320
13622116818
13821067453
13512088016
13502107328
13752276832
13516115651
13612046342
13752072780
13803042384
13821192313
15802248238
13516194884
13642075136
13920509589
13602002508
13920090626
13516191821
13512978819
13821217575
13802088402
15922085686
13821935748
13920468999
13516195566
13820683388
13920793945
13752270024
15620768181
13802148786
13920726965
13821000732
13920683462
13752503322
15822249515
13652169898
13920207176
13803008100
13802149818
13821855520
13821404059
13821176060
13802096488
15900285426
15822919473
13802118686
13512281403
13821326869
13820301056
13820726018
13820810155
13752693313
13902025816
13902157682
13752198941
13702198816
13920639977
13820860505
13821828262
13516105572
13820881982
13820968031
13821197353
13512920031
13820682717
13512499466
15900249941
13602185761
13920179956
13622186516
13820879431
13516130899
13920417999
13920787379
13512907701
13516151034
15522001697
13802091223
13920455553
13802012222
13820526282
13502085726
13920471901
13902140848
13752348661
13752522051
13752432836
13512268527
13516141896
13920041110
13512841269
13642134300
15620349913
13820380770
13902188863
13803088899
13802173828
13820676809
13662061019
13820616988
13502101169
13502061802
13820332889
15902245611
13821380761
13920344332
13820751175
13803080020
13516281851
13920533447
13821143809
15822230986
13821870822
15900366450
13920888019
13902010007
13920373518
15522475729
13902058319
13602012623
13602169485
13662011959
13920377321
13820318850
13502052983
13902001529
13642168896
13821013256
13512812388
13820429605
13516221351
13821806623
13642127210
13502032295
13920634481
15620664371
13920099670
13752789809
13702056566
13602116418
13920829812
13502107586
15822161205
13752778087
15522296063
13612052323
13512073493
13512281798
13512916391
13920635555
13821614839
13920880266
13512076445
13752191258
13820099066
13821090068
13752200033
13902058584
13502069588
13803080888
15822759313
13920467220
13821229998
13752117211
15620078866
13512884256
15522143319
13820081010
13820286000
13821120681
13642165749
13820086922
13821041789
13602010504
13652024319
15522032741
13612127711
13920050616
13512819000
13920233818
15620002256
13752006470
13920088391
13702192119
13821264252
13803053367
13920106848
13920445555
13821712159
13820231235
13920467262
13820559270
13920286099
13502187136
13802127288
13920827458
13602046851
13802183418
13602180008
13920823470
13512992006
13602001740
15900388023
13902086683
13920428811
15900233766
13820679898
13516298588
13820832450
13802118328
13820937085
13820464073
13752377571
13516129757
13902002902
13920519899
13502103389
13512857786
13702042233
13602035623
13821689699
13920413016
13820929619
13512269256
13672083388
13752062333
13920480923
13821292808
13920868475
13821211636
13672058585
13821670379
13682100656
13821895991
13612169623
13702158646
13920279828
13752001599
13920451444
13902093935
13820661140
13702117898
13803009058
15922126165
13516255560
13920209031
13752550708
13702045557
13820510177
13516170336
13803053879
13802006253
13920762768
13920299972
13512290517
13920853926
13820578899
13602172103
13820638780
13920814188
13820404502
13672001416
13920754206
13602174560
13920092931
13821646401
13920161264
13752467141
13512921886
13516111155
13502157961
13820760115
13652051886
13512252584
13802049586
13820291998
13612155453
13902082078
13612021220
13920809765
13612008892
13662120732
13920912442
13821578960
13502039900
13702081639
13820162171
13502101190
13820843232
13920637939
13920676686
13752744308
13602002585
13802150548
13920888528
13752668086
13752516144
13612068688
13821626807
13920675691
13820650258
13512479201
13752451296
13920961697
13702033110
13820449999
13920222133
13920097601
13820865756
13820666669
13516130215
13512010723
13920714384
13502115896
13920517277
13920909378
13920779220
13920229898
13820879520
13820800325
13622005755
13752532345
13821288876
13920535959
13682007583
13920803281
13512989822
13502175126
13902097467
13512844154
15822718332
15822845321
13512211830
13920776919
13702058955
13920802028
13802110889
15902250590
15620657783
13920090989
13512079826
13752290508
13602060201
13602175519
13902126784
13820537123
13502063886
13920245620
13902156361
13821821285
13802046054
13920408608
13820556518
13602036477
13802192118
13920657788
13512088882
15710286674
13652027873
13512818099
13920203418
13902026689
13752179829
13920807846
13820700388
13820662222
13820518678
15602077077
13752523323
13502108966
13920755557
13821735998
13902067686
13512099009
13920235666
13902184636
13802186687
15902230899
13502129138
13602039393
15822669358
13820584811
13820930463
13902001958
13820929156
13821504083
13902031880
13502029899
13920059555
13502068998
13820851867
13602005775
13622129789
13920859666
13820218581
13642125454
13820416223
13920930026
13920524492
13920044489
13821361498
13516241555
13802062811
13702113266
13920709882
13702084231
13820553185
13642046058
13820265253
13602011886
13920964872
15522247652
13902019955
13512288661
13752781999
13512889067
13752607055
13821593930
13821661199
13820626289
13820571789
13652021758
13821777222
13502069551
13682038017
13821181599
13803010555
13920229325
13602057327
13602031011
13602123875
13642024964
13821271919
15802200012
13602059584
13820290938
13602032091
15922070425
13820379723
13512404656
13682032657
13821300890
13642140889
13752268241
13502003788
13820797030
13702051445
13820569626
13752275488
13602128703
13702161407
15822065257
15822911115
13702102195
13920055117
13920286528
13821976638
13920241265
15822023229
13642162456
13602040127
13612073992
13642093166
13820732028
13920835007
13502090012
13920511788
13902053559
13702155836
13622068862
13602188866
13820858808
13602061132
15822885555
13803019450
13502126309
13512963828
13820899037
13920001060
13920181218
13920915221
13821436828
13820483927
13820840198
13902017556
13602110008
15620589667
13820251431
13920381281
13920800982
13512262228
13821799915
13920474619
13802026997
13920888966
13702038869
13920519169
13512065938
13920802222
13512828425
15922204720
13820590575
13920800802
13902150081
13821565686
13652099608
13920822020
13820907031
13802060197
13820487672
13702069818
15922051160
13512990312
13512959997
15822394242
13920333703
13920805686
13752196908
13802058861
13920461926
13602040013
13820044888
13612076988
13662196766
13920615909
13502007367
13682088875
13920488981
13920804020
13612030527
13502103168
13752737222
13502052282
13821488402
13821188390
13502062647
13602099196
13512969227
13821219699
13820909791
13920821062
13752062451
13920961528
13752600632
13821868999
13920569056
13820634989
13512865296
13902080707
13820752137
13602050136
13820309133
13920913589
13820609696
13821011515
13920952668
13502062359
13920680967
13752005815
13502026781
13902055478
13702177773
13682157212
13820311501
13820079816
13803085972
13920419882
15822818007
13752453761
13752264718
13702173373
13920193185
13602196956
13902050981
13502124493
13672173861
13920828669
13803008945
13821949855
13602107245
13920503982
13752300249
13920471170
15822682846
15922184149
13902067388
15922072699
13920569737
13612030585
15900362050
13902059288
13820587536
13821181666
13512452995
13920829743
13803005816
13512451158
13602006615
13820486446
13821078698
13802067521
13702136694
13802166983
13512002416
13602009206
13920431133
13502129173
13920445780
13502069393
13820986597
13612143618
13920497910
15922089018
13820835872
13820158668
13920117774
13920440843
13752641389
13821675375
13512410476
13920209444
13502172527
13820298686
13920460698
15922202056
13802128601
13902041089
13752008669
13512403685
15922130995
13702091188
13502196890
13802183810
13820846888
15822322776
13920082740
13672101692
13802070388
13902176608
13820483656
13502058189
13821480257
13821150375
13920298838
13820968290
13602081512
13920677077
13920471564
13820771471
13502150025
13752103410
13820162222
13752165786
13920405616
13820713788
13902170755
13516100124
13821778746
13803021122
13752280481
15822651563
13920263566
13752103879
13612036532
13920501790
13902092590
13820304618
13902080537
15822122889
13820482282
13920432123
13920991120
13920944512
13803008662
13622031861
13821661543
13752217727
13820302030
13820988760
13672028588
13920503218
13512023764
13502109148
13803081337
13902083096
13803000299
13821562130
13820736815
13920951979
13902098566
13920554176
13802059505
13902136630
13920080980
13512209787
15902206896
13920805889
13820758281
13920593828
13920805858
13920349098
13502052353
13622050136
13803059199
13602159795
13752372302
13821602228
13920152329
13802133383
13821039810
13820900710
15822465999
13920020902
13920904427
13821958132
13752000796
13803006666
13821051879
13920031007
15822952184
13820703878
13752084584
13902011278
13821471382
13602196535
13820015588
13820259898
13920777082
13602152578
13920067975
15902286101
13920818205
13820189984
13602095869
13502005176
13902175048
15922297975
13512243173
13512062150
13821000220
13752480596
13512086700
13662181163
13820300968
13920785708
13920100133
13920512368
13820700513
13820897365
13802071749
13802150505
13642118288
13682086878
13820724368
13820938138
13602132759
15802288182
13602058881
15922182909
13622105998
13502054214
13702009363
13820049977
13820300535
13920382622
13821507887
13920128768
13702122225
13820983222
13752383003
13512968306
13820527722
13502035925
13502166296
13803081998
13602176698
13920960906
13821184152
13821811333
13920713097
13820042262
13821080336
13512275522
13920277662
13502118250
13752087776
13752040464
13752560781
13821363277
13820047329
13820867056
13652042226
13902054439
13752369882
13902119508
13502135253
13920695050
13920199126
13502126669
13512063243
13512073978
15900219495
15822555229
13902135665
15522069609
13752251848
13512060588
13612136692
15922066683
13821312381
13622017725
13902156499
13820847033
13752442902
13821074123
13622122964
13820386888
13502136881
13602175612
13602056099
13902082473
13752513102
13652029188
13502070110
13920531943
13802022460
13821695168
13752446886
15522036399
15922052826
13821089867
13821829369
13820006693
13820833872
13752068188
13672091626
13802008508
13821500009
13820678999
15822034278
13622000507
13702159834
13516226386
13702018857
13920388028
13602166553
15822685112
13752250928
13821209878
13920454292
13662119985
13821691870
13702038476
13612096222
13502129996
13920895025
13802082666
13920893888
13902135778
13820955580
13920530718
13502011106
13672074868
13820498246
13512087826
13920006390
13920695550
13512281933
13803078307
13752129190
13821119799
13902080722
13821521409
13820268285
13920366802
13702092538
13920351201
13642181880
13512245182
13820696585
13803098822
13920027497
13902005005
13920107676
13820600598
13820917325
13662065222
13752019369
13902098999
13920762180
13902080303
13820786176
13502027203
13821748885
13920016208
13821953832
13502061196
13820369988
13820602366
13602032929
13920211153
13920415517
13821024772
13820202828
13622030022
13802176761
13821058788
13920087605
13821210945
13820900222
13820495830
13802108442
13803098808
13920528928
13622044884
13752338222
13920699800
13920123852
13821193609
13902027866
13516285634
13920708435
13752738886
13821598888
13902016917
13682199054
13820555157
13920815791
13502195260
13702084959
13752255694
13803007748
13502178664
13602144724
13802136659
13820534263
13820303556
13820387025
13802119519
13902085763
15712222726
13512070077
13902078665
13622036721
15620260007
13602008488
13502187331
13702028918
13820789106
13820521027
13821697778
13920459455
13652165376
13516110276
13821405187
13821226948
13920923289
13920452588
13820909776
13920396770
13902185840
13516233091
13920309862
13612199660
13920206161
13920988129
13821416895
13820100608
13902061216
15922237357
13752088880
13752236781
13821565757
13920778888
13920722869
13803080099
13602156569
13920912981
13920047936
13821715511
13602135565
13920099526
13752074136
13902094329
13820921168
13920336856
13821810011
13902082155
13920673240
13820202173
13622030182
15900241100
13702056981
13920928946
13902007019
13920823869
13920879890
13820681607
13502133140
13502120568
13802163846
13821562788
13622093050
15900265089
13752335834
13752341655
13821500375
13820270659
15922136258
13920085583
13752379260
13820172312
13803003396
13662116587
13702000808
15802217271
13602017069
13820539600
13802077709
13902008966
13821035993
13920879074
13902086894
13820460463
13752211011
13752112365
13502175734
13512002081
13920376849
13821589808
13821159917
13920165900
13920914556
13512965063
13821572993
13902170558
13920681717
13920003365
13702072865
13602018472
13920629211
13702150924
13920823016
13920926629
13602086911
13902088077
13821151288
13642012242
13920006776
13920372073
13902051437
13821515148
13512065060
13602119483
13602092522
13516234486
13821287990
13602078414
13752505880
13642056740
13821711117
13902010689
13820754439
13920868456
13512929699
13902020091
13512263529
13920780111
13920666160
13512418135
13512280778
13682183999
13602085758
13752766681
13820763178
13502076081
13920033124
13820591539
13821101765
13920388880
13512917110
13820980086
13820264889
13821741948
13821804011
13803028581
13652101019
13920454856
13920346988
13502066980
13920666296
13602113133
15522754392
13502099655
13920581515
13602122525
13752672356
13820587202
13820561218
13502075962
13920709899
13512407752
13502158551
13902044331
13516135204
13512265208
13920000091
13920820080
13920667825
13920578160
13802160006
13820371554
13920662577
13920077645
13512279917
13802160035
13902088111
13902152502
13920644494
13702035546
13752083684
13920027859
15822937343
13702171166
13682105996
15822508169
13803062693
13702073358
13821358755
13920297887
13821796374
13752565448
13802092983
13702031059
13502126392
13682065182
13752665311
13920488017
13502148942
13821086819
13602076573
13820340499
13502090410
13821217490
13820398206
13752453141
13802089551
13902159330
13821724248
13821402146
13821618018
13802188550
13803000456
13821822065
13682170406
13821833227
13602066942
13920382279
13920298138
13612177773
13802172658
13803080969
13920876611
13602098766
13920183309
13642165995
13752152774
13752229668
13702063848
13622093268
13602073333
13802058383
13702135377
13672169213
13820098298
13820720999
13902099691
13802000252
13820525169
13821333660
15822116678
13920822888
13820747415
13622023095
13602161838
13821026969
13512827999
13920296602
13622192110
13752561486
13821661265
13512432877
13820086363
13920017999
13502000828
13820559114
13512039576
13820191918
13752088000
13821184882
13602094892
13612031464
13602052020
13920879494
13820660366
13602094891
13821661665
13902015078
13512905106
13502005011
13820372312
13821022370
13662165788
13702158885
13802100618
13902006219
13920978334
13672094012
13752185111
13920726748
13702181851
13920601984
13920003630
13902029228
13920553831
13821387076
13920823854
13502166866
13920115968
13602133893
13622137781
13612148899
13821457244
13516215152
13821156731
13920383941
13820388504
15922255533
15922288068
13920764626
13902085359
13652014767
13612087901
13802168981
13820582068
13672105596
13502060908
13802193330
15902233313
13512061236
13602111390
13802111555
13920006073
13512289733
13802048115
13902053668
13821960688
13802055605
13821728900
13820135619
15822955818
13642116566
13920615266
13820994969
13702146277
13612116079
13802118058
13602099938
13502185455
13752303255
13820964500
13602096633
13612130368
13920323193
13622029031
13820787995
13512488090
13820218182
13516111771
13512411790
13902068833
13920798282
13602105599
13902151619
13920252545
13821008490
13612175248
13502055885
13502121168
13662039619
13662063959
13702008568
13803011656
13502062080
13752680805
13821110133
13920836096
13820092532
13802036893
13920581911
13752175258
13502069310
13652050705
15902285928
13920451402
13920061612
13920033030
13516258318
13920013002
13802132766
13821661809
13821437435
13512255884
13512033219
13820767534
13920196569
13820483106
13516255070
13820688867
13702116127
13602076977
13820966222
13820767816
13622075288
13821686890
13820895689
13802086441
13752004768
13502031578
13902139643
13820324848
13512923863
13702048139
15620002823
13502076555
13902176523
13821016808
13920776552
13602030068
13821268882
13902165908
13920471822
13502008168
13920308065
13821284669
13902160363
13902058416
13920003110
13802190803
13602065841
15620881888
13821215211
13920708549
13920804142
