13979110995
18970048182
13870656512
13970973055
13970837070
13517005568
15170098829
13870051399
13807002249
13870821745
13607002371
13803534026
13807043257
13879112297
13870916089
13907083281
13576944866
13870995096
15179120664
13907099898
13970937400
13807912205
13767108181
13607065398
13576931431
13667090683
13807037292
18907000138
15070086667
13970935128
13870991709
13870891969
13707098358
15870661066
15007001600
13807006878
13807095858
18970927231
13807094231
13907086838
13677916999
18970915736
13517097230
13870875079
13320110828
13755669151
13970082866
13607912225
13907915663
13970919597
13970828803
13907915959
13870961117
13970846980
13707090915
15079066818
13576987793
13870856640
13870096493
15070888064
18970079021
13907091277
13507918588
13970062708
13607092010
18970036430
13576133986
13755659422
13979176886
13707097526
13870670370
13677082986
13870970702
13970801558
13517084177
13767453471
13970827369
13517911507
13970008800
15979177989
13607065881
13697095858
15079066108
13970044885
13607082044
13807086985
13970037225
13979184979
13767425866
13870067885
13807001107
13979185516
13803535765
13870936633
13879130387
13970839310
18970932008
13970081027
13755781928
13707917073
18979172551
13576069833
13755644185
13870934098
13870952297
18970823980
13755645749
13870649358
13870835897
13870983341
15070959211
15879167699
13767407837
13767186253
13870988632
13870097927
13576040953
13970890295
15979122530
13607087666
13970908759
13367087911
13979139088
13807003968
18979102833
13607006730
13870636583
18979176201
18907911889
15979126808
13879188707
13807095280
13576022870
13576286943
13367097076
13576911289
13330069070
13576124476
18970921201
15070913273
13870811333
13699539899
13970835820
13707914363
13979115292
13970031257
18970866250
13755623863
13677008708
13870866779
15979036666
15079050675
13870608289
18970909788
13607002508
13907090137
13807088082
13803518958
13970992228
15070876024
13907091699
15970419998
13870988117
13970002695
13697085875
15879154670
13870941246
13907087708
13767103615
13907917335
15970613275
13807083049
13576060118
13707913462
18970907430
13970832249
13970812563
13970928774
13697082995
13870671732
15879108231
15279158988
13970058146
15979079383
13767053148
15879145135
13576989986
13870891789
13607069649
13870660688
13699504852
13607912091
13807084224
13607910538
13870092098
13767012077
13907910191
13970077293
13807032669
13970807317
15879157470
15870601696
13979187126
13803505875
13970819429
13970840818
13870608372
18979113916
13970036437
18970900826
15870658898
13657000111
15970499179
18979103881
13607005035
13970938999
13803533881
13970965572
13732922274
13807000949
13879191135
18970807333
13907915133
13879149804
18970924469
13870903566
13755615981
