2012奔驰C级挑战赛火热招募中！仅限21个尊贵名额，挑战极致驾控，征战瑞典荣誉之旅！报名热线25127948【鹏星行】



13576666399
13195205320
13244566111
13807568647
13235726030
13185385969
13508626782
13133647583
13463645588
13502548593
13170885988
13401926898
13502907088
13222986286
13515865533
13572946118
13318566868
13581007736
13501649574
13386086997
13803027429
13114888384
13565966560
13325546888
13302825331
13531806887
13380885775
13360786888
13076545434
13322766273
13192986666
13502566086
13580289111
13502566699
13580429599
13829787788
13500009798
13922406143
13710348407
13316026108
13312845288
13302226111
13600206111
13502389660
13184888999
13432768203
13502386322
13502388992
13502366817
13502308955
13380689188
13502268823
13422906989
13068288190
13352666086
13352607755
13250606813
13480525885
13502229238
13302665466
13829988487
13316367228
13539206808
13502289856
13352686206
13556286969
13502226858
13138388432
13302625622
13539226919
13413169689
13509808365
13168905838
13509207820
13549325920
13147348625
13326886108
13532808448
13600245401
13580826629
13602368109
13527905829
13532369983
13509807526
13544868722
13434008388
13600269028
13600266264
13549486817
13392328399
13602385376
13538686674
13509245501
13240547188
13332605178
13556605188
13602348724
13509005678
13553806468
13602347585
13509027582
13539088881
13602348732
13360665062
13600247519
13580989161
13580866928
13332686206
13602328165
13602327475
13326866855
13316688888
13922988165
13392308212
13538365891
13423207191
13332609131
13602305257
13602309813
13553849518
13326886321
13556707278
13602327685
13424788082
13580885266
13509825768
13602385348
13790129432
13378606126
13509028522
13322605766
13332667007
13809827622
13316688768
13332648832
13600268567
13360665077
13509228492
13602346107
13509205036
13600268783
13580806128
13602346958
13509842048
13537147229
13538348811
13556726526
13580926086
13509827200
13802388803
13509807246
13316686508
13538426210
13612648572
13502847471
13502866609
13509645979
13602647590
13808806880
13823347001
13823525280
13823786628
13825289521
13902968002
13544600095
13148868938
13168728223
13501567357
13501568222
13501588348
13502809831
13502826893
13502828573
13502845678
13502848338
13502849079
13502849604
13502866710
13502868595
13502869809
13502886428
13502886804
13502888241
13502889626
13509606039
13509607875
13509608598
13509647777
13509647818
13509648979
13509666022
13509685285
13509687013
13510005940
13510028555
13510088741
13510225216
13510309599
13510325651
13510609288
13510848790
13510867319
13510868363
13510868509
13530008922
13530088611
13530248028
13544007726
13554925302
13590166000
13600166628
13600168222
13600169050
13600189350
13600426850
13600447349
13600448109
13600448390
13602506246
13602508319
13602509015
13602509079
13602528081
13602548728
13602565729
13602568199
13602586914
13602588067
13602589865
13602605521
13602626311
13602646912
13602648851
13602667498
13602668096
13602686088
13603009510
13603087388
13632667155
13632667220
13632668650
13651488060
13688805207
13692248001
13802206808
13802207719
13802207958
13802225208
13802226499
13802226753
13802226984
13802248566
13802249784
13802267481
13802269690
13802286808
13802287711
13802289213
13802566584
13802567156
13802568283
13802568735
13802569320
13802569331
13802586191
13802586445
13802587992
13802705870
13802706940
13802709484
13808805089
13808807705
13808808952
13809866055
13809866275
13809867048
13809868535
13809882294
13809887365
13809887961
13823108496
13823145177
13823145891
13823148680
13823169631
13823186669
13823206623
13823209083
13823209525
13823229218
13823229339
13823286599
13823308383
13823325412
13823327196
13823327703
13823328213
13823346568
13823366063
13823366075
13823368235
13823385223
13823386340
13823387468
13823387707
13823505999
13823506589
13823506811
13823506906
13823568851
13823568898
13823569997
13823589333
13823605982
13823606375
13823607458
13823607923
13823609950
13823665879
13823667234
13823685062
13823685602
13823688892
13823689388
13823689978
13823725216
13823726282
13823749166
13823765107
13823765251
13823765656
13823766658
13823766838
13823768276
13823785150
13825206482
13825206602
13825208494
13825226778
13825227446
13825246915
13825247262
13825247998
13825248505
13825249731
13825266740
13825267166
13825268499
13825287012
13825287731
13825288051
13825289606
13827422399
13827429007
13827449095
13827449211
13827468938
13828707841
13828726338
13828768674
13828787971
13828866891
13828867519
13828882132
13828886534
13828888584
13902445733
13902445865
13902448330
13902448884
13902449368
13902486153
13902488256
13902488946
13902489603
13902906395
13902909983
13902926824
13902926859
13902927176
13902928119
13902928291
13902929610
13902945756
13902947561
13902948130
13902949662
13902968200
13902985638
13902985988
13902988267
13902988837
13902988893
13902988900
13902989169
13902989375
13903027019
13922828021
13922829666
13922846504
13922868635
13922887113
13922888377
13923425205
13923428399
13923467185
13923468593
13923488804
13923709303
13923729331
13923766107
13923768319
13923768417
13923768540
13923789163
13923846997
13923887057
13923887090
13923888558
13924626168
13924628103
13924646201
13088846939
13500046980
13502805975
13502808043
13502808186
13502809058
13502809900
13502828031
13502828768
13502829233
13502847850
13502867579
13502885021
13509606229
13509627084
13509666165
13510368071
13510386245
13510506125
13510729381
13510809152
13510827253
13510868526
13510885647
13530947208
13554865086
13554965032
13556866822
13600166230
13600189828
13600408331
13602506609
13602507188
13602525271
13602549139
13602549198
13602585526
13602585751
13602587829
13602607180
13602667776
13602668965
13602687026
13602688616
13603005523
13603029585
13603048511
13609628213
13632988333
13688807788
13714308798
13802207402
13802226351
13802246831
13802288016
13802288182
13802568033
13802569709
13802569969
13802585343
13802587302
13802587489
13808807073
13808808010
13808808180
13809862227
13809865035
13809868809
13823108688
13823128250
13823149076
13823168681
13823186787
13823187206
13823188823
13823229822
13823286382
13823289292
13823308918
13823365021
13823388112
13823509046
13823525068
13823527882
13823528281
13823565525
13823567289
13823569218
13823588839
13823608602
13823648136
13823686880
13823689128
13823707185
13823725173
13823728378
13823766785
13823767937
13823786373
13825205313
13825206865
13825208714
13825208828
13825209398
13825225395
13825247802
13825247873
13825248050
13825265283
13828722314
13828728150
13828766638
13828767576
13828767990
13828788788
13828807107
13828825366
13828885988
13902448406
13902465681
13902466200
13902466204
13902466706
13902468068
13902488006
13902488729
13902488999
13902925458
13902927886
13902948649
13902965801
13902967185
13902967634
13902986977
13902987510
13902989246
13903026221
13922825392
13922886388
13923429066
13923709691
13923727888
13923869319
13924588588
13924607463
13500069868
13501565418
13501566452
13501566628
13501567328
13501568889
13501569141
13501569237
13501569518
13501569931
13501585011
13501588669
13501589728
13502805236
13502806140
13502807915
13502809933
13502825072
13502826080
13502827267
13502828223
13502828794
13502829206
13502845518
13502866295
13502866715
13502866767
13502867451
13502867488
13502868882
13502886457
13502887412
13502887687
13502887690
13509602035
13509607522
13509625349
13509628138
13509628742
13509645096
13509648300
13509648635
13509648755
13509665709
13509667623
13509668395
13509687355
13509688898
13510026769
13510028733
13510068638
13510305001
13510306020
13510329880
13510346805
13510348191
13510365009
13510386063
13510386960
13510389502
13510805380
13510806831
13510808352
13510809092
13510827665
13510848481
13510865873
13510869792
13560785683
13560785828
13560789338
13600148841
13600167532
13600168515
13600168926
13600406603
13600406779
13600407101
13600407878
13600428820
13600429682
13600446443
13602505203
13602505500
13602507337
13602507628
13602507655
13602507720
13602507725
13602508378
13602526102
13602526458
13602528534
13602528552
13602528850
13602546085
13602547733
13602547807
13602548301
13602548623
13602565187
13602565234
13602565916
13602567888
13602568848
13602569899
13602586619
13602587091
13602587770
13602589661
13602605105
13602605318
13602605873
13602606252
13602606501
13602606929
13602608548
13602608609
13602608735
13602608902
13602625564
13602628783
13602629060
13602629381
13602646920
13602648069
13602648582
13602649801
13602665199
13602666266
13602687753
13602688045
13602688386
13603007351
13603008389
13603009007
13603025665
13603026281
13603028211
13603028783
13603046348
13603066228
13603069584
13603069653
13603086297
13609626691
13609628350
13631607377
13632668099
13632668182
13688806189
13688807501
13688808888
13802205615
13802206456
13802207112
13802208794
13802208889
13802225576
13802226318
13802228874
13802229089
13802229535
13802246868
13802247090
13802248425
13802248767
13802265224
13802266240
13802266540
13802267497
13802268422
13802268767
13802269873
13802288877
13802289518
13802565299
13802565546
13802566439
13802568453
13802568806
13802585193
13802586222
13802586630
13802586767
13802587182
13802587357
13802587787
13802587906
13802588311
13802588492
13802588849
13802589279
13802589595
13802705025
13802705852
13802706349
13802708538
13808805202
13808805456
13808806027
13808806126
13808806262
13808807017
13808807243
13808808173
13808808535
13808808815
13809865636
13809865651
13809865713
13809866726
13809868200
13809868881
13809885254
13809885589
13809885907
13809886066
13809886362
13809888131
13809888521
13809888988
13823107035
13823108595
13823125968
13823129309
13823129329
13823145705
13823147929
13823165870
13823167266
13823168318
13823168972
13823186315
13823187996
13823189198
13823205564
13823205788
13823206685
13823206696
13823206800
13823208099
13823226511
13823228039
13823228399
13823229665
13823248936
13823249508
13823265013
13823265610
13823266360
13823266819
13823267158
13823268527
13823268668
13823268682
13823269109
13823285232
13823286206
13823286518
13823287028
13823287999
13823288210
13823288599
13823288689
13823288898
13823289108
13823289767
13823306037
13823306308
13823326639
13823328606
13823329708
13823346459
13823348996
13823365513
13823365822
13823366290
13823367768
13823368310
13823368593
13823369350
13823369391
13823369980
13823385710
13823385766
13823386386
13823387872
13823388002
13823388514
13823388577
13823388969
13823389960
13823505126
13823506370
13823507046
13823507178
13823509870
13823526621
13823526788
13823527224
13823528268
13823528722
13823529189
13823529520
13823545347
13823545870
13823546000
13823547738
13823547838
13823549089
13823549285
13823565356
13823566898
13823567900
13823568038
13823569166
13823585860
13823587889
13823588230
13823589388
13823605943
13823606018
13823606116
13823606800
13823606816
13823607048
13823607866
13823608335
13823608840
13823608844
13823609121
13823609461
13823609679
13823609861
13823645268
13823649318
13823665429
13823666539
13823667488
13823667775
13823667965
13823667966
13823668231
13823668569
13823669252
13823686565
13823686913
13823687748
13823687903
13823688780
13823689207
13823689559
13823705656
13823705748
13823706509
13823707760
13823708018
13823709391
13823709770
13823725198
13823725936
13823726080
13823728585
13823729608
13823746718
13823748382
13823749036
13823765580
13823768241
13823768472
13823768808
13823768946
13823768977
13823769608
13823785079
13823786470
13823786686
13823786777
13823786997
13823787409
13823787471
13823787986
13823788039
13823788200
13823788692
13823788886
13823789339
13823789865
13825205480
13825205659
13825205867
13825206217
13825206464
13825207157
13825207287
13825207566
13825207876
13825208070
13825208465
13825209169
13825209408
13825209477
13825209501
13825209690
13825225128
13825225529
13825225673
13825226375
13825226729
13825226746
13825226951
13825226981
13825229884
13825245210
13825245567
13825247378
13825247801
13825248950
13825265460
13825265599
13825265773
13825266698
13825267099
13825267281
13825268046
13825285283
13825285300
13825285897
13825285949
13825286085
13825286423
13825288008
13825288055
13825289043
13825289271
13825289732
13827406167
13827408170
13827409853
13827426408
13827427190
13827427731
13827428778
13827445333
13827449695
13827465918
13827466619
13827466631
13827466641
13827468846
13827468920
13828702417
13828702487
13828705672
13828705708
13828706373
13828706596
13828706908
13828707401
13828707616
13828708150
13828708852
13828708873
13828726948
13828727188
13828727595
13828728202
13828728707
13828745727
13828746933
13828748660
13828766197
13828766721
13828767069
13828767230
13828767604
13828767809
13828767869
13828767950
13828768276
13828768748
13828768798
13828787319
13828787436
13828788358
13828788732
13828808001
13828808270
13828828728
13828866811
13828867984
13828868103
13828868601
13828868773
13828886399
13828886689
13828887106
13828887118
13828888274
13828888911
13902445162
13902446818
13902447080
13902448057
13902465665
13902466321
13902466537
13902466611
13902467844
13902468730
13902468984
13902469501
13902485462
13902485837
13902488069
13902488769
13902489867
13902906618
13902906849
13902907127
13902907657
13902908914
13902909427
13902925432
13902925470
13902925966
13902927132
13902927521
13902927660
13902927685
13902927753
13902927768
13902928136
13902928427
13902929149
13902929575
13902945059
13902947069
13902947522
13902948189
13902948319
13902948564
13902948883
13902949304
13902965286
13902965877
13902966064
13902966431
13902966955
13902968049
13902968105
13902968260
13902968356
13902968888
13902969387
13902969886
13902969940
13902985017
13902987059
13902987195
13902987196
13902987958
13902988083
13902989639
13902989717
13903026824
13903027744
13903028643
13903029055
13903029608
13922806836
13922808716
13922825022
13922825925
13922825956
13922826079
13922826706
13922827908
13922848060
13922849898
13922849946
13922868139
13922868148
13922868646
13922886399
13922886585
13922887767
13922888052
13922888878
13922889077
13922889748
13923405016
13923405615
13923405852
13923407038
13923408091
13923409323
13923425892
13923426883
13923428715
13923428932
13923445595
13923467149
13923489407
13923705195
13923705337
13923708408
13923709931
13923725003
13923726705
13923727602
13923745512
13923746780
13923748011
13923748191
13923765952
13923766547
13923768295
13923768296
13923785552
13923785787
13923805918
13923808632
13923809323
13923868160
13923869618
13923885639
13923888337
13924586626
13924586633
13924586708
13924587072
13924605439
13924608513
13924609419
13924625295
13418846169
13501566626
13501568805
13501586806
13502227173
13502805634
13502828176
13502848138
13502849382
13502866108
13509605821
13509608007
13509647671
13509648488
13509685556
13509686135
13509686646
13510026609
13510027184
13510028273
13510088883
13510247421
13510326998
13510346882
13510348619
13510348918
13510349498
13510385668
13510388570
13510446652
13510666250
13510806320
13510806590
13510826788
13510846460
13510847170
13510848313
13510849327
13510866872
13510887292
13530226666
13530785683
13530809069
13538206876
13554865674
13590108126
13600148799
13600167279
13602507193
13602528123
13602528651
13602546652
13602547477
13602565169
13602565589
13602569004
13602585771
13602585817
13602588162
13602589858
13602607577
13602608328
13602608806
13602608816
13602625223
13602628923
13602646710
13602668042
13602669141
13602689169
13603005108
13603048909
13603067890
13603085988
13603086001
13603086130
13613068800
13632565789
13632807783
13691988393
13802205397
13802206508
13802206897
13802227194
13802229868
13802229953
13802249890
13802265597
13802265968
13802268816
13802288669
13802565405
13802589164
13802705325
13802709019
13802709658
13808802400
13808807622
13809866663
13809868813
13809886018
13823107732
13823108311
13823128157
13823128265
13823146661
13823167895
13823186833
13823187893
13823188633
13823189058
13823205356
13823209859
13823225111
13823246168
13823248196
13823248222
13823288283
13823309189
13823326394
13823349150
13823368623
13823385699
13823386168
13823386418
13823387788
13823388689
13823388789
13823525695
13823525925
13823528206
13823566958
13823666596
13823669802
13823687293
13823689015
13823689106
13823689822
13823726287
13823748868
13825206508
13825208553
13825228542
13825228660
13825245797
13825247218
13825248290
13825266108
13827407010
13827448950
13828765000
13828766651
13828788863
13828828811
13828845725
13828888111
13902468343
13902468558
13902488087
13902905878
13902906840
13902908299
13902909729
13902926405
13902927654
13902927996
13902928115
13902947030
13902966554
13902967008
13902967088
13902969968
13902986228
13902986579
13902986690
13902988320
13902989733
13902989762
13903025252
13903027049
13922845463
13922847289
13922885555
13922888280
13923405788
13923408251
13923425918
13923426003
13923466388
13923468333
13923468618
13923469160
13923705013
13923726695
13923745495
13923745502
13923766989
13923788333
13923805766
13923849560
13923888899
13923888991
13924605533
13924607163
13924629330
13410646518
13421307045
13424306033
13480147128
13501566198
13501569822
13501569962
13501585609
13501588967
13501589558
13502806431
13502806946
13502807983
13502808316
13502808725
13502808761
13502809249
13502809426
13502826361
13502827653
13502827762
13502828299
13502828433
13502829133
13502847628
13502847738
13502848802
13502867183
13502869007
13502886623
13502887827
13502887881
13502888821
13502888899
13509628307
13509628659
13509628991
13509645282
13509646198
13509648929
13509665671
13509667168
13509685825
13509687328
13509687836
13509688855
13510006313
13510008396
13510086716
13510088997
13510225790
13510305826
13510345935
13510347621
13510386525
13510388816
13510648886
13510666628
13510807193
13510885229
13510965889
13530005571
13530129408
13530209608
13530585759
13554707865
13554807000
13554866985
13554988023
13590106542
13590107577
13590206169
13600147548
13600168783
13600446488
13600449828
13602508930
13602509253
13602526211
13602527430
13602528333
13602529282
13602529345
13602545366
13602545722
13602549092
13602565459
13602566291
13602567368
13602568689
13602585558
13602587662
13602605159
13602605183
13602607055
13602608190
13602609313
13602627505
13602629265
13603007111
13603066850
13609625656
13631608085
13751069839
13802208617
13802228989
13802246086
13802248221
13802249093
13802249232
13802265520
13802266802
13802268722
13802269113
13802285546
13802287089
13802288000
13802566995
13802568176
13802588889
13802588929
13802589691
13802589718
13802707917
13802709193
13808805301
13808807233
13808808106
13808808198
13808808723
13808808813
13808808899
13808808991
13809865333
13809865825
13809868858
13809885391
13809887333
13809887851
13809887918
13823105568
13823128288
13823146001
13823148436
13823167878
13823168898
13823226505
13823229613
13823248436
13823248812
13823249918
13823266002
13823268838
13823268938
13823306262
13823307216
13823326813
13823346950
13823348343
13823349399
13823369610
13823369999
13823508536
13823509040
13823509320
13823529929
13823566169
13823566408
13823568083
13823585058
13823588688
13823605711
13823606166
13823609825
13823646222
13823646275
13823649808
13823666099
13823667083
13823688388
13823705133
13823706385
13823709298
13823709739
13823709939
13823766922
13823787843
13825227793
13825286283
13827407430
13827429545
13827445037
13827446000
13827446949
13827448530
13828708922
13828725701
13828726629
13828786960
13828788287
13828788669
13828805317
13828806790
13828808292
13828828693
13828867018
13828867818
13828885336
13828887567
13828888893
13902447039
13902448552
13902449527
13902467957
13902468429
13902485690
13902485740
13902486128
13902488740
13902906023
13902906391
13902908275
13902908909
13902909056
13902925097
13902925816
13902929298
13902946090
13902946597
13902948666
13902965045
13902965829
13902965996
13902967990
13902968727
13902969053
13902969178
13902969505
13902986653
13902986813
13902989015
13902989077
13902989811
13903025196
13903028711
13922849086
13922866118
13922867825
13923447593
13923467742
13923725161
13923765016
13923785173
13923786000
13923809198
13923845981
13923848338
13923865026
13924605080
13500045519
13500046051
13500049158
13500066375
13500066825
13500066831
13500069966
13501565854
13501569688
13501585357
13501589973
13502805140
13502806180
13502806250
13502806880
13502807383
13502807605
13502808255
13502808771
13502809747
13502825698
13502826604
13502827736
13502828255
13502828918
13502829307
13502829896
13502847566
13502848585
13502848722
13502849302
13502866151
13502866974
13502867505
13502868009
13502868366
13502868438
13502868582
13502886133
13502886381
13502888052
13502888399
13502888521
13502888694
13509605111
13509605387
13509606409
13509607206
13509608209
13509608829
13509608868
13509625537
13509626428
13509627586
13509627796
13509628190
13509645253
13509648012
13509665739
13509666428
13509666838
13509667491
13509685152
13509687268
13509687285
13509688045
13509688148
13509688199
13509688828
13510005154
13510005659
13510008010
13510025336
13510065663
13510066239
13510085363
13510086220
13510088808
13510125601
13510245666
13510309892
13510328528
13510329693
13510345541
13510346082
13510347055
13510347496
13510348016
13510349837
13510385882
13510387062
13510505749
13510806464
13510807601
13510807746
13510808934
13510846804
13510847432
13510866799
13510866989
13510867386
13510868352
13510885355
13510885380
13510886700
13510886726
13530128098
13530349828
13530368600
13554785395
13556885338
13560787336
13590109202
13590328932
13600148163
13600148529
13600165837
13600169069
13600189428
13600408776
13600408927
13600409106
13600429458
13600447369
13602505366
13602505672
13602506553
13602507705
13602508097
13602508589
13602509075
13602526688
13602527151
13602528301
13602528539
13602528882
13602529068
13602529130
13602545116
13602548879
13602565297
13602565412
13602567662
13602568666
13602569603
13602585345
13602587468
13602589699
13602605983
13602606009
13602606097
13602607800
13602608662
13602608666
13602625535
13602626978
13602628973
13602629638
13602665278
13602665835
13602665968
13602667385
13602667795
13602668493
13602668694
13602668998
13602669532
13602686620
13602688889
13603027502
13603027799
13603029498
13603046894
13603085859
13603087834
13603088206
13603088816
13603089429
13603089487
13609622030
13609625433
13609626633
13609627938
13631608848
13631609166
13632666661
13632669935
13632988899
13651466004
13670108123
13682448888
13688805225
13691686839
13714649818
13714728420
13798408557
13802207215
13802207230
13802207941
13802208454
13802208499
13802227722
13802229100
13802229402
13802245568
13802245740
13802247244
13802248150
13802248266
13802248535
13802265632
13802265981
13802266262
13802266558
13802268063
13802268685
13802269498
13802285088
13802286195
13802287045
13802287335
13802288351
13802289660
13802565653
13802565821
13802566078
13802566992
13802567369
13802567461
13802568146
13802568168
13802568589
13802568984
13802569342
13802569640
13802585315
13802585354
13802586339
13802586516
13802586836
13802587398
13802587401
13802587485
13802587911
13802588333
13802588629
13802588799
13802588872
13802589009
13802705565
13802706498
13802707302
13802707405
13802707723
13808805051
13808805578
13808806085
13808806371
13808806869
13808807148
13808808002
13808808676
13809865396
13809865469
13809866109
13809866155
13809866178
13809866411
13809866982
13809868973
13809882245
13809885459
13809887168
13809887766
13809888376
13809888638
13809888844
13809888876
13823105511
13823106038
13823106984
13823107420
13823108192
13823128928
13823129095
13823129938
13823165710
13823166298
13823168981
13823168988
13823169921
13823188335
13823205323
13823206066
13823206117
13823206405
13823209353
13823209989
13823226151
13823229288
13823245699
13823248985
13823249870
13823266103
13823266676
13823267131
13823269631
13823286610
13823286933
13823286969
13823286999
13823305139
13823308488
13823308812
13823309683
13823325005
13823325025
13823325579
13823326476
13823327714
13823328261
13823328828
13823349590
13823349898
13823367493
13823368321
13823368436
13823369071
13823369093
13823369519
13823387375
13823388618
13823389969
13823505458
13823507929
13823509039
13823509258
13823509873
13823526158
13823528232
13823529826
13823529854
13823545373
13823545487
13823546468
13823547101
13823547779
13823547840
13823549200
13823549216
13823565968
13823566288
13823567269
13823567367
13823569569
13823569711
13823569941
13823585568
13823585606
13823586996
13823587415
13823588199
13823588358
13823589494
13823605101
13823609899
13823609935
13823665094
13823665968
13823666048
13823666078
13823666103
13823666208
13823667799
13823667906
13823668335
13823668668
13823669052
13823686100
13823686926
13823687422
13823688151
13823688615
13823689180
13823689229
13823705230
13823706578
13823708328
13823726020
13823727815
13823728339
13823729621
13823729947
13823745611
13823767330
13823768598
13823768672
13823769156
13823769354
13823785431
13823785747
13823788329
13823788445
13823788979
13823789581
13823789908
13823789932
13824306591
13825205478
13825206982
13825207008
13825207105
13825209331
13825209896
13825225012
13825226288
13825226377
13825227118
13825228610
13825229809
13825246206
13825246929
13825248075
13825266403
13825267730
13825268389
13825268491
13825268495
13825268799
13825269318
13825269501
13825269908
13825285267
13825287079
13825287359
13825287658
13825289773
13827407729
13827408988
13827428086
13827428096
13827446665
13827447976
13827449601
13827449949
13828705986
13828706493
13828706867
13828708086
13828722422
13828725366
13828725660
13828727247
13828727688
13828727789
13828727961
13828728088
13828728288
13828728955
13828748444
13828762421
13828766453
13828767281
13828767741
13828768472
13828786449
13828786703
13828787131
13828788894
13828805778
13828808337
13828825432
13828868488
13828886873
13828888290
13828888678
13902445082
13902445350
13902446212
13902447641
13902448005
13902448120
13902448261
13902448883
13902449810
13902467695
13902467924
13902468259
13902468272
13902469073
13902469493
13902469819
13902485647
13902487805
13902905293
13902906118
13902906753
13902907076
13902907773
13902908469
13902908882
13902925383
13902926463
13902926677
13902928706
13902928940
13902929888
13902945256
13902945876
13902947578
13902965122
13902965139
13902966020
13902966279
13902967606
13902968288
13902969219
13902986509
13902986705
13902986872
13902987772
13902987849
13902988409
13902989033
13902989106
13902989589
13903025337
13903025578
13903027778
13903027933
13903028128
13922808801
13922848408
13922848879
13922848922
13922849277
13922865550
13922866332
13922866830
13922887662
13922888685
13922889903
13923407759
13923425991
13923426777
13923467808
13923487633
13923488246
13923706577
13923706600
13923707059
13923708296
13923726329
13923768898
13923785984
13923786071
13923786107
13923786337
13923787230
13923806231
13923808112
13923866307
13923889603
13924585632
13924585668
13924606345
13924608957
13924645288
13924646221
13924647468
13138865568
13428994806
13500068165
13501565777
13501568233
13501568645
13502806930
13502808176
13502809425
13502828030
13502828179
13502828348
13502828686
13502828693
13502828834
13502845718
13502848618
13502848881
13502865098
13502865315
13502868989
13502869862
13502886169
13509645639
13509645868
13509646660
13509668353
13509685639
13510009560
13510068098
13510225666
13510345996
13510349150
13510808941
13537738406
13590228361
13600148868
13600167750
13600445000
13602505957
13602506565
13602508296
13602508600
13602508912
13602509652
13602526798
13602528533
13602546154
13602548368
13602567432
13602568348
13602586359
13602606860
13602625920
13602646898
13603068199
13603068978
13603086088
13603089960
13682522797
13711317663
13725513709
13802206788
13802225889
13802227087
13802246266
13802246271
13802246440
13802248855
13802249735
13802266718
13802268006
13802268929
13802269973
13802285642
13802285956
13802286222
13802288133
13802288638
13802565605
13802567288
13802586399
13802586969
13802586986
13802588350
13802589728
13802705777
13802706981
13802707766
13802709081
13808802315
13808805417
13808807161
13809862118
13809865210
13809882261
13809886480
13809888890
13823106155
13823107258
13823107967
13823109777
13823125108
13823126139
13823165910
13823166391
13823168881
13823185602
13823189767
13823206855
13823286688
13823306677
13823329037
13823366002
13823507733
13823526803
13823546235
13823549207
13823608098
13823669668
13823726322
13823728746
13823745484
13823749988
13823766284
13823766726
13823766804
13823767088
13823767870
13825205109
13825207182
13825229077
13825229160
13825245610
13825286169
13828705381
13828727050
13828727706
13828746076
13828746140
13828746224
13828748509
13828765732
13828868833
13902446188
13902468681
13902485710
13902486016
13902488189
13902488978
13902905672
13902908911
13902909488
13902909501
13902926820
13902926984
13902926993
13902928299
13902928531
13902929780
13902929787
13902945013
13902945418
13902947900
13902948366
13902948996
13902949997
13902966188
13902966300
13902966577
13902967125
13902967953
13902968163
13902968669
13902969507
13902969906
13902986203
13902986393
13902988311
13902988773
13903026885
13903028782
13922805112
13922807722
13922828006
13922828881
13922828988
13922866110
13922886155
13923749763
13923768546
13923788325
13923788355
13923849825
13923888930
13924627988
13924648822
13902487053

13902485263

13902469921

13902468000

13902487100

13902467998

13902489728

13902487000

13828825597

13902487074

13902487092

13828825659

13828825927

13902486269

13828825882

13902486959

13902486942

13902487018

13902486941

13902487030

13902487031

13902487052

13902485186

13902485318

13902485314

13902485278

13902485268

13902487017

13902486439

13902486442

13902486505

13902486920

13902486511

13902486541

13902486613

13902486632

13902486666

13902486672

13902486691

13902465161

13902465356

13902465340

13902465336

13902486733

13902465281

13902487128

13902485222

13902486810

13902486844

13902486878

13902486506

13902465121

13902465195

13902465212

13902465231

13902486775

13902486742

13902487131

13902489724

13902465072

13902465092

13902465079

13902485197

13902465103

13902465060

13902449999

13902449972

13902449944

13902487132

13902487145

13902487147

13902487503

13902449887

13902487561

13902487567

13902487606

13902487062

13902486960

13902486272

13902486295

13902486317

13902486320

13902486322

13902486354

13828826198

13828828119

13828828116

13828866331

13828846798

13828846998

13828847069

13828847105

13828847158

13828847200

13828847213

13828847627

13828847780

13828848996

13828847848

13828862339

13828826016

13828848103

13828848136

13828848157

13828848485

13828848488

13828848644

13828848792

13828848909

13828847836

13828866607

13828866099

13828866083

13828865993

13828866181

13828865848

13828865845

13828865830

13828865818

13828865616

13828865359

13828865112

13828862435

13828862396

13828828333

13828866298

13828845819

13828866333

13828866408

13828866456

13828866511

13828866520

13828865198

13828866654

13828865911

13828828720

13828862280

13828845522

13828845260

13828845119

13828842471

13828842331

13828830171

13902467766

13902466846

13902466869

13902466877

13902466898

13902466909

13902489320

13902489315

13902489312

13902489296

13902469840

13902489335

13902489480

13828848027

13828826107

13828826038

13828825721

13828845688

13828847969

13828826398

13828828082

13828828022

13828828007

13828827939

13828827704

13828827668

13828827646

13828827592

13828827585

13828827570

13828827501

13828827256

13828827158

13828826933

13828826929

13828826888

13828826695

13828826570

13828826399

13828867775

13828828136

13902466073

13828785450

13828785449

13828785405

13902467509

13828785340

13828785312

13828785169

13828785162

13828785053

13828786403

13828782425

13828785799

13828785435

13828786266

13902465600

13902465563

13902465557

13902465549

13902465540

13902465901

13902465494

13902465469

13902465457

13828786417

13828785028

13828785369

13902467129

13902467106

13902467069

13902467029

13902467005

13902466956

13902467740

13902466932

13902466926

13902466826

13902466955

13902467703

13828782417

13828785762

13828785750

13828785747

13828785717

13828785499

13828785657

13828785656

13828785630

13828785521

13828785666

13828768886

13828768885

13828786310

13828768850

13902466126

13902466122

13902466007

13828768929

13902465943

13902465942

13902465920

13902465913

13828782396

13828786366

13902465857

13902465850

13902465821

13828825818

13902465781

13902465771

13902465765

13902465760

13902465733

13828768881

13902465497

13828786359

13902465728

13828786267

13902465448

13828786233

13828786163

13828786136

13828786126

13828786089

13828785902

13902465452

13902465989

13828782379

13828782323

13828782313

13828782308

13828768906

13828782108

13828768980

13828768957

13828768956

13828782388

13828782165

13828825315

13828825221

13828825219

13828825218

13828825063

13828825060

13828822488

13828822372

13902467561

13828822149

13828822117

13828808927

13828808890

13828808883

13828808881

13828808818

13828808742

13828808680

13005407979

13005428263

13005445555

13005446405

13005448335

13005448539

13005448990

13005465398

13005465782

13005465908

13005466432

13005466769

13005466842

13005467394

13005467907

13005468081

13005485777

13005486433

13005486486

13005487292

13005487436

13005487668

13005488083

13005489528

13005489560

13005489565

13005489677

13006605600

13006606322

13006607998

13006608081

13006608215

13006608815

13006608969

13006625808

13006628297

13006645249

13006648099

13006648657

13006648959

13006665429

13006665490

13006665799

13006665895

13006666056

13006666088

13006666246

13006666556

13006666580

13006666887

13006667461

13006668825

13006668908

13006685295

13006686116

13006686322

13006686365

13006686474

13006686620

13006687004

13006687691

13006688146

13006688188

13006688559

13006688946

13006806318

13008805547

13008805882

13008806026

13008806059

13008806368

13008806551

13008806981

13008808707

13008825861

13008826313

13008826372

13008826621

13008827236

13008827930

13008828061

13008828066

13008828130

13008828465

13008846196

13008846229

13008848238

13008848388

13008848951

13008865071

13008865306

13008865325

13008866017

13008866040

13008866217

13008866219

13008866363

13008866582

13008866839

13008866840

13008866960

13008867026

13008867388

13008867577

13008867593

13008867775

13008868397

13008881180

13008885083

13008885510

13008885968

13008886211

13008886369

13008886775

13008886830

13008887298

13008887473

13008887688

13008887802

13008887850

13008887857

13008887874

13008888138

13008888525

13008888628

13008888681

13008888808

13008888862

13008888868

13008888887

13008888999

13018461398

13018466118

13018606519

13018608988

13025407407

13025408506

13025427168

13025447543

13025448173

13026605127

13026626569

13026627819

13026666699

13026667398

13026686747

13026686992

13026688066

13028805980

13028808388

13028808701

13028826182

13028828663

13028845339

13028865334

13028867534

13028868638

13028886049

13028886629

13028886887

13028888108

13028888162

13028888201

13038825083

13038827340

13038868527

13043406029

13043406321

13043406661

13043409822

13043409909

13043425717

13043448088

13043488888

13048801155

13048805896

13048806954

13048807879

13048807903

13048807912

13048826871

13048828081

13048846077

13048866874

13048866888

13048868550

13048886290

13048886527

13048907095

13048907665

13048925137

13048947858

13048948556

13048948577

13048981408

13048985942

13048988419

13049305783

13049305831

13049308837

13049325005

13049347580

13049348385

13049366123

13049368237

13049446898

13049447519

13049447850

13049465138

13049467800

13049468203

13049468680

13049485138

13049807789

13049808145

13049808221

13049825289

13049826551

13049828832

13049845210

13049846128

13049865606

13049868874

13049868936

13049887788

13058005003

13058006040

13058006653

13058008193

13058027192

13058028398

13058028835

13058045368

13058046966

13058067054

13058085446

13058105707

13058106576

13058107681

13058107682

13058107810

13058125304

13058126275

13058145345

13058145768

13058148389

13058186198

13058186970

13058466512

13066128833

13066185513

13066806160

13066806261

13066806577

13066807768

13066808128

13066808799

13066826658

13066827589

13066827960

13066865233

13066866987

13066868803

13066886283

13066886316

13066886446

13066886611

13066886869

13066887611

13066887744

13066888625

13066888698

13066888939

13066888998

13066905133

13066905921

13066906570

13066906622

13066907659

13066907745

13066907926

13066909560

13066921436

13066925052

13066925168

13066925884

13066926309

13066926441

13066926851

13066926935

13066927935

13066947575

13066948806

13066965144

13066965172

13066965605

13066966016

13066968673

13066968967

13066969699

18320806352

18038080715

15920078172

15914027530

13928488644

13928486588

13928482646

13928469220

13928468917
13928468599

13928447227

13928446968

13928445606

13928445406

13928429417

13928428328

13928427695

13928426562

13927489987

13927489846

13927489310

13927489076

13927488961

13927488582

13927487380

13927465395

13927449955

13927429938

13927408888

13927408168

13927406083

13927405234

13926585812

13926585085

13926569325

13926568657

13926567736

13926567231

13926565851

13926565630

13926548980

13926548908

13926548005

13926546656

13926542580

13926528432

13926527696

13926525904

13926508824

13926508787

13926507026

13926505585

13926505225

13925289803

13925289590

13925289517

13925289402

13925289176

13925289170

13925288800

13925288699

13925288633

13925288500

13925288492

13925288448

13925288392

13925288331

13925288325

13925288297

13925288233

13925288132

13925288118

13925288034

13925287756

13925287506

13925287315

13925287271

13925286963

13925286861

13925286800

13925286609

13925286607

13925286477

13925286185

13925286125

13925286101

13925286099

13925285931

13925285882

13925285876

13925285556

13925285532

13925285433

13925285391

13925285115

13925269989

13925269582

13925269280

13925269260

13925269158

13925269115

13925269090

13925269006

13925268819

13925268663

13925268658

13925268239

13925268207

13925268136

13925267960

13925267938

13925267878

13925267636

13925267635

13925267290

13925267288

13925266883

13925266666

13925266660

13925266337

13925266322

13925266193

13925266168

13925265648

13925265530

13925265391

13925265312

13925249911

13925249669

13925249582

13925249302

13925249295

13925249203

13925249156

13925249103

13925249051

13925248953

13925248859

13925248811

13925248686

13925248580

13925248515

13925248511

13925248326

13925248230

13925248190

13925248016

13925247666

13925247588

13925247089

13925246812

13925246689

13925246686

13925246665

13925246642

13925246389

13925246109

13925245966

13925245898

13925245590

13925245538

13925245380

13925245251

13925245114

13925229819

13925229809

13925229666

13925229571

13925229198

13925229128

13925229033

13925228921

13925228918

13925228892

13925228668

13925228470

13925228388

13925228101

13925227816

13925227783

13925227652

13925227526

13925227382

13925227299

13925227208

13925227080

13925227054

13925226921

13925226385

13925226352

13925226132

13925225999

13925225926

13925225899

13925225878

13925225720

13925225699

13925225599

13925225558

13925225386

13925225164

13925225151

13925225021

13925225000

13925209928

13925209790

13925209290

13925209272

13925209090

13925208999

13925208980

13925208920

13925208829

13925208662

13925208622

13925208466

13925208333

13925208168

13925208023

13925208011

13925207991

13925207900

13925207885

13925207812

13925207759

13925207541

13925207299

13925206963

13925206938

13925206637

13925206631

13925206595

13925206066

13925205678

13925205576

13925205559

13925205555

13925205491

13925205422

13925205406

13925205336

13925205285

13925205222

13924669996

13924669900

13924669898

13924669806

13924669636

13924669500

13924669396

13924669178

13924669114

13924669113

13924669098

13924669056

13924669005

13924668899

13924668898

13924668886

13924668783

13924668781

13924668708

13924668688

13924668586

13924668526

13924668255

13924668229

13924668180

13924668166

13924667298

13924667196

13924667107

13924666853

13924666815

13924666625

13924666585

13924666559

13924666385

13924666309

13924666303

13924666260

13924666190

13924666159

13924666051

13924665888

13924665698

13924665663

13924665596

13924665549

13924665322

13924665026

13924665010

13924649923

13924649885

13924649799

13924649639

13924649638

13924649300

13924648899

13924648883

13590388566

13600168111

13600168085

13600167840

13543325606

13560786126

13560786211

13560786216

13560788313

13570808989

13590185676

13552928689

13590186879

13537708025

13590187261

13590188569

13590188841

13590185868

13554967868

13590388442

13590388431

13590386617

13590386323

13590386239

13600168208

13590369831

13590369456

13590368941

13590367200

13590366812

13590406754

13560788010

13560785853

13560785991

13600167711

13590385769

13600188290

13600189026

13554746439

13554747026

13554748115

13554748708

13554787501

13554748909

13600188433

13554749686

13554769604

13554749956

13544267690

13544245379

13544246076

13544248998

13544249113

13554748783

13554749526

13600188107

13600188374

13600188310

13600188037

13600188284

13600188276

13600188259

13600188247

13600188219

13600188205

13600188188

13600188172

13600188165

13600188125

13600188111

13600188714

13600169199

13600169182

13554909595

13554909270

13554887349

13554909090

13554908506

13554909267

13554907870

13554907140

13554907062

13600185076

13554906336

13554905843

13554905590

13554887956

13600186969

13554908283

13600188019

13554909657

13600188922

13600188915

13600188913

13600188861

13600188850

13600188835

13600169212

13554906797

13600169968

13600169697

13600169633

13600169608

13600169530

13600169342

13600188806

13534188972

13534205025

13535359014

13534205934

13534206449

13534207110

13534209719

13534215738

13534225938

13534227336

13534185331

13534127749

13590127564

13554746158

13554745763

13554745463

13538107476

13534205029

13554745190

13554909827

13570705538

13570805546

13570805869

13570806256

13534186231

13570807098

13570807102

13570807113

13570807583

13570807868

13570808078

13560849163

13554967396

13534186050

13570807094

13600188471

13538107455

13543328075

13600188477

13538106155

13538108748

13538126560

13538126896

13538127387

13538127779

13554729778

13538128262

13538128332

13538128655

13538128855

13538166831

13538108234

13538108427

13538127855

13554729493

13554728872

13554728107

13554728047

13554727343

13538105562

13554726342

13554725107

13600188418

13600188666

13600188658

13600188533

13600188516

13538087739

13538105236

13554726849

13590286628

13590288015

13590288679

13534087585

13600145201

13534009482

13534009683

13534025518

13534025945

13534028579

13534049987

13534065118

13534066521

13534067156

13534086392

13534067956

13534068612

13534067843

13590289100

13600145001

13600107887

13600025657

13590746610

13590628773

13590488990

13590488801

13590488628

13590488494

13590487518

13538167706

13590486762

13590426798

13590269123

13590269899

13590286516

13590268609

13537668575

13537685097

13537687862

13537687885

13537688609

13537568718

13537688953

13537705002

13537585793

13537567001

13534266750

13534266790

13534268058

13534285077

13534287824

13534288993

13600188030

13537688806

13537588048

13590288873

13537566998

13534249909

13554729921

13537608701

13537586207

13537587056

13534086435

13537588929

13537605385

13537607889

13537608198

13537608440

13537665675

13537665217

13537648000

13600186206

13600186138

13600185990

13590449572

13600185691

13600185560

13600185330

13600145203

13600185304

13590448413

13590467327

13590466691

13590407201

13590449944

13590449753

13600185938

13600187423

13600188008

13600188001

13600187888

13600187528

13534289331

13600187333

13600187288

13600187162

13600187029

13544286992

13600186655

13600186647

13600186627

13600186452

13600186308

13590448679

13590468157

13590446466

13590446279

13590445455

13590445389

13590445112

13590429586

13590429067

13590429020

13590428842

13544289112

13590286130

13600145415

13590486569

13590465431

13590409035

13590425152

13590425254

13590426156

13600145278

13068445817
13068465286
13076925988
13077808597
13113825740
13128707180
13128727009
13128866115
13128908000
13129567212
13138165116
13138188615
13143965630
13148726291
13148786711
13168041560
13168728268
13189721811
13242026530
13242085232
13242928617
13246746365
13265469204
13266648893
13267047111
13267167998
13267205199
13286665168
13302906331
13302947938
13312948888
13316506016
13316545866
13342927892
13360069399
13378666511
13380326507
13392869888
13392887999
13410148766
13410187613
13410207838
13410269148
13410486693
13410588851
13410667996
13410906412
13418487968
13418545848
13418687325
13418806923
13420929828
13420945359
13421327525
13421829668
13421847327
13423767488
13423787488
13423866797
13423888898
13423945095
13424167110
13424265500
13424345395
13424388898
13424426333
13425127812
13425145903
13425165923
13425185891
13428728407
13428748662
13430469083
13430545849
13430685857
13430808555
13430888889
13430907153
13430966669
13434446841
13480127278
13480145066
13480705118
13480945338
13528708603
13528746432
13528826117
13528848556
13530647258
13530729219
13530945863
13534146337
13534246647
13537789931
13538087635
13538185628
13538245540
13544068891
13554725095
13554746184
13554909874
13556808568
13556848696
13612847371
13620205356
13632647482
13632946406
13641447441
13651409038
13651447476
13652406503
13662285569
13670069483
13670166169
13670225424
13682525880
13682605482
13686429448
13686807156
13686849519
13691608995
13691649332
13691668738
13691868639
13691986908
13692187012
13699828594
13699868838
13713528596
13713746460
13713827151
13713865503
13714129334
13714188013
13714346992
13714807507
13714845001
13714868060
13714908959
13714989911
13715045569
13715066228
13715149891
13715367616
13717088816
13723426196
13723446074
13723767156
13725529022
13725568198
13725588789
13728685764
13728705634
13728828389
13728948752
13751166466
13760206093
13760249307
13760329335
13760345497
13760365498
13760408622
13760429974
13760466730
13760489779
13794465504
13794488255
13798345501
13798445015
13828845439
13923827796
13076965691
13076968236
13088865285
13088865685
13128766351
13128766699
13128786000
13128786776
13128805608
13128806513
13128941721
13128947953
13128966952
13128968458
13129508520
13129508646
13129587478
13129588875
13143808267
13143808763
13148765250
13148768144
13148885382
13148887147
13168065539
13168065699
13168766006
13168768194
13169926479
13169928513
13242045863
13242048918
13242065318
13242069357
13242988588
13242988813
13246625206
13246625479
13246705626
13246708388
13249885438
13249888265
13265561806
13265566868
13266887564
13266887778
13302485015
13302486760
13302926000
13302928609
13316425385
13316427075
13316447583
13316449061
13360505757
13360508168
13392807812
13392808528
13420965636
13420969599
13420987844
13420988130
13423726181
13423728739
13424286667
13424288880
13424306574
13424309277
13424366555
13424366829
13425107917
13425109290
13428785570
13428788225
13428926117
13428927111
13480107293
13480109710
13480185581
13480188310
13480665999
13480666613
13480685814
13480686602
13480846961
13480846962
13480887397
13480889098
13480906551
13480907546
13528407801
13528407953
13528885641
13528888005
13530226313
13530226798
13530266642
13530266895
13530547639
13530549812
13530606003
13530608264
13530625676
13530627605
13530745931
13530748643
13530766932
13530766940
13534087611
13534088585
13534107350
13534108776
13534128703
13534129347
13537566405
13537566478
13538167737
13538168304
13544226476
13544227297
13554886153
13554886589
13556825248
13556826119
13570808096
13570809064
13590289375
13590289602
13612806283
13612808555
13612907611
13612909317
13620227865
13620229319
13631528677
13631529981
13631628783
13631629239
13631647793
13631649482
13632545972
13632547158
13632606442
13632608282
13632705303
13632707479
13632806662
13632808445
13632906369
13632906770
13632988800
13632988866
13640949051
13640949982
13640985138
13640986366
13642366712
13642367730
13651485131
13651488709
13652367864
13652368163
13662625193
13662626910
13662665946
13662668494
13670005587
13670008245
13670128300
13670129704
13670205103
13670208968
13670245620
13670246331
13682386074
13682386742
13682425536
13682429316
13682445882
13682447796
13682465899
13682469086
13682626486
13682629096
13682666892
13682669236
13686406029
13686408861
13691705433
13691708620
13692125631
13692126882
13692226972
13692227344
13692268044
13692269630
13699766667
13699766715
13699806473
13699807149
13713506536
13713507680
13713567117
13713567639
13713606779
13713606875
13713626499
13713628816
13713708000
13713709852
13713725800
13713728563
13713788551
13713789386
13713808800
13713809225
13714047524
13714048665
13714206251
13714208809
13714225760
13714229529
13714287106
13714289924
13714545211
13714547115
13714925130
13714926769
13715005058
13715008133
13715167710
13715169878
13715186214
13715186681
13715325944
13715326773
13723705357
13723709774
13723725519
13723725860
13728606654
13728606706
13760126980
13760129445
13760188311
13760188616
13760228094
13760228848
13798266134
13798266659
13798385575
13798388395
13798422294
13798425836
13798467356
13798467980
13824308101
13824308366
13826565073
13826569935
13068705825
13068706097
13068706593
13068726199
13068726695
13068728682
13088821222
13088826444
13088827736
13113665311
13113665711
13113668854
13113685168
13113686222
13113689099
13128745128
13128746007
13128748460
13128825948
13128827939
13128828483
13128841715
13128845693
13128848246
13128925888
13128926353
13128927313
13143446518
13143449030
13143449282
13143825906
13143828200
13143829344
13168705002
13168705533
13168708275
13169901661
13169907403
13169907513
13242905038
13242905607
13242907189
13246605319
13246605431
13246607578
13246645950
13246646843
13246648389
13246685355
13246687982
13246688008
13249821518
13249826187
13249827410
13249845088
13249847136
13249848818
13249861809
13249861842
13249867163
13342966081
13342966663
13342966755
13342985388
13342986988
13342989899
13380385584
13380386800
13380387897
13392165216
13392165306
13392169772
13410685150
13410686867
13410688737
13430405550
13430406113
13430407787
13480787679
13480788813
13480789219
13510465328
13510469164
13510469766
13510546393
13510546463
13510549440
13528467435
13528467880
13528467994
13528805787
13528805902
13528807371
13530205037
13530205773
13530208778
13530345904
13530346270
13530348417
13530387311
13530388377
13530389909
13530505515
13530506834
13530508261
13530526774
13530526803
13530528134
13530586312
13530586468
13530589022
13530705802
13530706025
13530709518
13530845298
13530846603
13530849833
13534166490
13534168251
13534168745
13537546820
13537548230
13537549959
13537705751
13537708268
13537708336
13538226971
13538227071
13538228238
13544005952
13544007184
13544009687
13544045955
13544045962
13544046399
13544186035
13544189161
13544189213
13590245445
13590246801
13590248007
13590366011
13590366588
13590366773
13590405838
13590405899
13590406239
13590468164
13590469505
13590469655
13612825225
13612825865
13612829004
13612886668
13612888530
13612889964
13612965704
13612967760
13612968610
13613007416
13613008410
13613009353
13613026820
13613029020
13613029833
13613086900
13613088925
13613089211
13620965168
13620965798
13620966259
13632825829
13632828508
13632829225
13651465292
13651465966
13651469351
13662686813
13662689403
13662689673
13670026956
13670028102
13670029931
13670085670
13670086393
13670086588
13670185183
13670188185
13670189506
13682305461
13682306227
13682309509
13682325679
13682328526
13682329230
13682369283
13682369701
13682369859
13682545785
13682546068
13682548493
13682565662
13682566618
13682569327
13682585119
13682586970
13682587092
13686467698
13686467794
13686468616
13686485330
13686488435
13686488929
13689506937
13689507180
13689508586
13691687822
13691688690
13691688967
13691725607
13691728910
13691728954
13691785554
13691786477
13691789619
13691806166
13691806627
13691809544
13691886137
13691886151
13691888538
13692166672
13692167026
13692167191
13692206470
13692206785
13692209399
13699885374
13699886738
13699888314
13713585633
13713585942
13713588138
13713646281
13713648515
13713649194
13713686260
13713686804
13713689466
13714146658
13714148119
13714149966
13714165053
13714167053
13714169522
13714528176
13714528596
13714529105
13714625315
13714627462
13714627520
13714645485
13714647657
13714647912
13714706313
13714708133
13714708779
13715026869
13715027492
13715028580
13715085104
13715085502
13715085888
13715106513
13715106702
13715109695
13715207109
13715208228
13715209487
13715345204
13715347931
13715349390
13723746933
13723748098
13723749172
13723787441
13723787518
13723789181
13751125544
13751126827
13751127409
13751146551
13751146641
13751147407
13760146561
13760149517
13760149608
13760285516
13760286606
13760289928
13760386636
13760386950
13760388833
13798406816
13798407048
13798407922
13826507764
13826509208
13826509727
13076905354
13076905658
13076908377
13076908800
13148845804
13148846109
13148847010
13148847617
13168085701
13168085805
13168088063
13168088344
13380368163
13380368838
13380369800
13380369811
13530008469
13530008599
13530009230
13530009336
13530125153
13530126460
13530127346
13530129436
13530787706
13530788433
13530789385
13530789944
13530865231
13530865348
13530866544
13530866886
13530905092
13530906279
13530907536
13530909888
13534005338
13534007066
13534008402
13534009215
13537765636
13537766222
13537767068
13537768195
13537805358
13537805384
13537807024
13537807792
13537886640
13537887371
13537887416
13537888707
13538006896
13538007760
13538008008
13538008292
13538025308
13538026287
13538027551
13538027824
13544028327
13544028339
13544028432
13544029002
13544086012
13544088032
13544088043
13544089120
13544125589
13544125970
13544127718
13544129955
13544165064
13544165116
13544165613
13544168084
13554825699
13554826334
13554827858
13554829812
13554945035
13554946717
13554949068
13554949555
13560748190
13560748962
13560749069
13560749675
13590265415
13590265633
13590265930
13590268500
13590325008
13590328323
13590329268
13590329336
13612866074
13612866821
13612868137
13612868836
13613065535
13613066358
13613068159
13613068963
13620926568
13620926708
13620927261
13620928313
13620946788
13620946883
13620948458
13620949952
13622326551
13622326938
13622327404
13622329210
13622345071
13622345696
13622345995
13622346075
13632726131
13632726877
13632727883
13632728965
13632767026
13632768218
13632768750
13632769052
13632927476
13632928322
13632928803
13632928850
13632965595
13632965982
13632966664
13632967656
13640905004
13640905808
13640908676
13640909860
13640925642
13640927535
13640927799
13640929141
13640966074
13640966287
13640966815
13640968865
13641407489
13641408001
13641409263
13641409644
13641485874
13641487130
13641488607
13641489651
13652327483
13652328019
13652328043
13652329348
13652385225
13652386393
13652386987
13652389416
13652427233
13652427539
13652427753
13652429842
13662566032
13662569526
13662569606
13662569916
13662605196
13662605457
13662605571
13662605681
13670046591
13670048619
13670049006
13670049509
13670285413
13670286839
13670286870
13670287067
13682345510
13682345965
13682346225
13682349529
13682486510
13682487058
13682487616
13682489810
13682506946
13682508735
13682508739
13682509375
13691626299
13691626767
13691627211
13691629688
13691765419
13691766041
13691768723
13691769032
13691825815
13691829071
13691829481
13691829890
13691905326
13691906090
13691906286
13691908653
13691927136
13691927285
13691927325
13691928973
13691945885
13691946970
13691947142
13691947367
13692145127
13692147009
13692147587
13692148125
13713885186
13713887631
13713888213
13713888215
13714105002
13714106830
13714108168
13714108762
13714246906
13714248053
13714248192
13714249206
13714265511
13714266031
13714266306
13714269596
13714426432
13714427496
13714427679
13714429350
13714766328
13714767300
13714768940
13714769035
13714785588
13714785970
13714786197
13714786933
13714886892
13714887010
13714887548
13714889009
13715125287
13715125798
13715126096
13715126650
13715266268
13715266720
13715267918
13715269042
13715385582
13715386218
13715386634
13715388914
13751045043
13751048329
13751049138
13751049404
13751066032
13751066815
13751067476
13751069245
13751085221
13751086012
13751086550
13751088661
13760265949
13760266298
13760266643
13760267918
13798362298
13798365183
13798365218
13798367265
13824365015
13824366821
13824369151
13824369886
13824385055
13824389014
13824389114
13824389915
13826525174
13826527466
13826528123
13826528707
13076947235
13076947422
13076947757
13076947776
13076947781
13077825425
13077826072
13077827791
13077827972
13077828747
13088881282
13088885259
13088885293
13088885698
13088886050
13128981532
13128986739
13128987448
13128988155
13128988870
13246661898
13246665342
13246666227
13246666687
13246667893
13352905468
13352905798
13352906116
13352907976
13352908888
13392185161
13392186667
13392187551
13392189213
13392189446
13510185857
13510186341
13510186984
13510187495
13510189892
13510747150
13818965658
18210105195
13510748144
13510749523
13510749830
13510749980
13530065685
13530067656
13530068399
13530068823
13530069337
13530145373
13530146456
13530147218
13530148414
13530148976
13530325025
13530325075
13530325128
13530325446
13530329029
13530445341
13530446023
13530449000
13530449465
13530449797
13530465248
13530465257
13530466797
13530466880
13530467328
13530485080
13530485579
13530486404
13530487692
13530489436
13530685111
13530685642
13530686328
13530686608
13530689941
13530826131
13530826168
13530828648
13530829266
13530829989
13530927595
13530927718
13530928212
13530929339
13530929730
13530965754
13530966208
13530969005
13530969308
13530969658
13537505082
13537505554
13537505847
13537506395
13537507358
13537525315
13537525905
13537526789
13537527499
13537527667
13537745443
13537747493
13537748625
13537748865
13537748915
13537865260
13537865286
13537866391
13537868067
13537868742
13538265220
13538266136
13538268202
13538268389
13538268797
13544145223
13544145261
13544145367
13544146547
13544148240
13560726136
13560728120
13560728185
13560728288
13560728862
13590388584
13590388850
13590388854
13590389009
13590389128
13590485428
13590485574
13590485807
13590486290
13590486480
13612925010
13612925276
13612925448
13612925685
13612926805
13612945365
13612946553
13612948045
13612949432
13612949737
13612985126
13612985915
13612987610
13612988695
13612989961
13620905531
13620906543
13620906549
13620906883
13620909724
13622385179
13622385467
13622386003
13622386567
13622387594
13632586518
13632588063
13632588349
13632588468
13632588916
13642345328
13642346240
13642347267
13642349939
13642349957
13662249037
13662249038
13662249527
13662249864
13662249914
13662585361
13662586926
13662588296
13662588810
13662589936
13670105533
13670105783
13670106995
13670107130
13670108258
13670266110
13670266789
13670267498
13670268377
13670269305
13691747009
13691747486
13691749108
13691749127
13691749990
13692286321
13692286812
13692286896
13692288015
13692288868
13714365716
13714366930
13714367617
13714368319
13714369530
13714386483
13714388032
13714388360
13714388386
13714389004
13714405042
13714406942
13714407387
13714408497
13714409257
13714448426
13714448492
13714449217
13714449318
13714449373
13714466639
13714467647
13714468658
13714468680
13714468789
13714565775
13714565998
13714566831
13714567195
13714568951
13715305158
13715307979
13715308317
13715308510
13715309618
13751005058
13751005802
13751006905
13751008895
13751009368
13751025964
13751027100
13751029015
13751029037
13751029661
13751105123
13751105691
13751107300
13751107404
13751108039
13751185001
13751185967
13751186187
13751188043
13751189791
13760445660
13760445844
13760446200
13760446323
13760447254
13798245127
13798245895
13798247172
13798248216
13798248437
13824346316
13824346619
13824346996
13824348379
13824349500
13076981443
13076986733
13076987052
13076987603
13076987997
13076988343
13077886337
13077886705
13077887987
13077888371
13077888498
13077888554
13138865128
13138865843
13138866338
13138868096
13138868519
13138868606
13148865337
13148866322
13148866685
13148867318
13148868659
13148868897
13316401977
13316405521
13316407555
13316407639
13316408963
13316409377
13316525559
13316526202
13316526368
13316526712
13316527388
13316527399
13530045183
13530046420
13530046758
13530047075
13530047329
13530048669
13530086990
13530087722
13530088323
13530088932
13530089881
13530089968
13530365471
13530365565
13530367545
13530368808
13530369135
13530369202
13530408164
13530408376
13530408645
13530409558
13530409731
13530409732
13530425078
13530425189
13530426550
13530426567
13530426570
13530426739
13530565544
13530565900
13530567550
13530568067
13530568123
13530568273
13530805286
13530805920
13530806005
13530806068
13530806920
13530807233
13530987046
13530987110
13530988572
13530988840
13530988968
13530989239
13537845205
13537845825
13537846038
13537847001
13537848359
13537848381
13538045297
13538045850
13538046066
13538046106
13538046666
13538047921
13538065237
13538065402
13538065558
13538067643
13538068218
13538068789
13538285361
13538286377
13538286539
13538286949
13538287175
13538287283
13590185228
13590185478
13590186853
13590188876
13590189537
13590189691
13590345080
13590345928
13590347171
13590348866
13590349249
13590349573
13620987074
13620987087
13620987132
13620988225
13620988943
13620989817
13622365406
13622365873
13622366589
13622366819
13622367048
13622367479
13632506286
13632508051
13632508228
13632508855
13632509868
13632509881
13632626190
13632626416
13632627128
13632627845
13632628231
13632628239
13652345564
13652345987
13652346685
13652347738
13652348868
13652348877
13682645337
13682646556
13682647107
13682648191
13682648879
13682649817
13691846262
13691846521
13691846530
13691847771
13691848176
13691849624
13699782046
13699786890
13699787844
13699787923
13699788180
13699788326
13714025095
13714025342
13714026296
13714027594
13714028069
13714029589
13714485559
13714486353
13714486443
13714487381
13714487487
13714489026
13714505266
13714505592
13714506705
13714507195
13714507555
13714508308
13715225097
13715226075
13715226160
13715228012
13715228254
13715229840
13760305099
13760305170
13760307176
13760308205
13760308921
13760309493
13088841137
13088845565
13088845783
13088845809
13088845889
13088847332
13088847520
13302465220
13302465670
13302466363
13302466538
13302466562
13302466665
13302468179
13510645190
13510645333
13510645556
13510647476
13510648110
13510649176
13510649246
13510945912
13510945957
13510947364
13510948223
13510948687
13510949796
13510949946
13530025637
13530027348
13530027716
13530028133
13530028309
13530028460
13530028723
13530106288
13530106636
13530108000
13530108307
13530108817
13530109090
13530109986
13530247387
13530247389
13530247797
13530248119
13530248273
13530249274
13530249823
13537725155
13537726024
13537726118
13537726843
13537727597
13537728159
13537728388
13543305455
13543305824
13543305955
13543307333
13543307998
13543308444
13543309801
13544107128
13544107626
13544108926
13544108976
13544109391
13544109879
13544109913
13544205660
13544206248
13544206498
13544206806
13544207919
13544207964
13544208800
13570845262
13570845323
13570845566
13570846384
13570848444
13570848923
13570848967
13613045088
13613045616
13613045639
13613047862
13613048147
13613048819
13613049339
13632525154
13632525483
13632526174
13632526542
13632526723
13632527736
13632528266
13632785184
13632785231
13632786276
13632786570
13632788010
13632788275
13632789506
13632845199
13632846916
13632847852
13632847898
13632848473
13632848516
13632849979
13682685355
13682685427
13682686762
13682687678
13682687760
13682687774
13682688018
13713765065
13713765591
13713765662
13713765889
13713766616
13713766703
13713769240
13714086626
13714087064
13714087477
13714087631
13714088827
13714088912
13714089992
13714305260
13714306674
13714306791
13714306841
13714307048
13714308276
13714309742
13714585227
13714585340
13714586128
13714586922
13714587869
13714588786
13714588967
13715245120
13715245124
13715246481
13715246669
13715248319
13715248390
13715249784
13798322199
13798322465
13798325935
13798326079
13798326873
13798326981
13798327683
13077861222
13077865011
13077865259
13077865735
13077866338
13077866889
13077868636
13077868678
13113605010
13113605357
13113606646
13113606668
13113607357
13113608202
13113608528
13113608606
13148705413
13148705473
13148706224
13148706710
13148706982
13148707675
13148707717
13148708967
13148801602
13148805784
13148806784
13148807034
13148807953
13148807956
13148808678
13148808888
13148825199
13148825213
13148825312
13148825867
13148825994
13148826230
13148826874
13148828815
13316921990
13316925208
13316926005
13316926089
13316926698
13316928000
13316928063
13316928688
13392827178
13392827458
13392829002
13392829036
13392829067
13392829158
13392829333
13392829494
13510285882
13510285943
13510286673
13510286968
13510287331
13510288009
13510288144
13510289833
13510405248
13510406032
13510408197
13510408378
13510409257
13510409362
13510409650
13510409860
13510525410
13510526024
13510526960
13510528213
13510528706
13510529213
13510529542
13510529613
13510625340
13510625598
13510625625
13510626536
13510628008
13510628998
13510629482
13510629680
13510685459
13510686399
13510687358
13510687432
13510687880
13510689050
13510689370
13510689652
13510725358
13510725838
13510726668
13510726712
13510727294
13510728143
13510729252
13510729486
13530165618
13530167288
13530167662
13530168307
13530168311
13530168705
13530169305
13530169853
13537825318
13537825652
13537826555
13537827118
13537828008
13537828133
13537828255
13537828855
13543345511
13543346188
13543347299
13543348111
13543348349
13543348904
13543348996
13543349113
13554705887
13554706005
13554706468
13554707263
13554708547
13554709128
13554709166
13554709582
13554785069
13554785112
13554785314
13554786244
13554787055
13554787070
13554788411
13554789673
13554925051
13554926876
13554927071
13554927092
13554927192
13554928968
13554929436
13554929806
13560765806
13560765909
13560766468
13560766682
13560766907
13560768051
13560768582
13560769553
13590145304
13590145373
13590146022
13590146568
13590146636
13590148060
13590149147
13590149271
13590165304
13590166633
13590166816
13590168133
13590168899
13590168982
13590169103
13590169585
13590205298
13590206050
13590206576
13590206603
13590207406
13590208742
13590209099
13590209654
13590305678
13590306300
13590306517
13590307529
13590308853
13590309798
13590309833
13590309933
13713946020
13713946417
13713946833
13713947440
13713947441
13713947442
13713947582
13713947909
13713985330
13713985606
13713986619
13713986699
13713988576
13713988625
13713989385
13713989554
13714325021
13714327551
13714328140
13714329056
13714329151
13714329274
13714329853
13714329992
13826585886
13826588182
13826588368
13826588563
13826589204
13826589259
13826589269
13826589647
13066985067
13066985575
13066985916
13066985949
13066987076
13066987848
13066987977
13066988284
13066988537
13352925108
13352925236
13352926128
13352926660
13352927028
13352927270
13352927711
13352928789
13352929899
13510445048
13510445388
13510446286
13510447203
13510448080
13510448273
13510448637
13510449026
13510449110
13510485014
13510485097
13510485105
13510486309
13510486867
13510487031
13510488892
13510489540
13510489901
13510605124
13510606221
13510607242
13510608121
13510608140
13510608343
13510608765
13510609158
13510609682
13510925181
13510925236
13510926123
13510926685
13510927018
13510929010
13510929322
13510929510
13510929951
13530185736
13530185804
13530185888
13530185892
13530187201
13530187633
13530187679
13530188206
13530188939
13530285016
13530285075
13530285263
13530285997
13530286427
13530287277
13530288523
13530288579
13530289884
13530666075
13530666282
13530666559
13530666740
13530668780
13530668853
13530668963
13530669512
13530669531
13554865176
13554865509
13554865640
13554865707
13554865935
13554866368
13554868536
13554868662
13554869205
13713966308
13713966822
13713967436
13713968274
13713968278
13713968406
13713969178
13713969286
13713969495
13714605564
13714606376
13714606625
13714607003
13714607425
13714607553
13714607688
13714608210
13714608361
13714725818
13714727383
13714728099
13714728197
13714728652
13714728734
13714728855
13714729316
13714729732
13715285240
13715285835
13715286462
13715286558
13715286890
13715287079
13715288175
13715289064
13715289077
13798305612
13798305745
13798306582
13798306931
13798307099
13798308087
13798308536
13798308878
13798309857
13826545087
13826545321
13826545408
13826545553
13826546916
13826547426
13826547797
13826548133
13826549581
13113625089
13113625625
13113625911
13113626017
13113626031
13113626833
13113627420
13113628590
13113628625
13113628630
13168001598
13168001679
13168001801
13168005191
13168005933
13168006423
13168006768
13168006958
13168007399
13168008023
13316561920
13316565572
13316566565
13316567032
13316568028
13316568063
13316568086
13316568851
13316568888
13316568938
13316881950
13316881968
13316885009
13316885232
13316885516
13316886155
13316886251
13316886738
13316887650
13316888833
13332906018
13332906066
13332906069
13332906156
13332906282
13332906382
13332907333
13332908363
13332908880
13332909888
13510225498
13510225668
13510226575
13510226688
13510226908
13510227567
13510228228
13510228353
13510228361
13510228474
13510765257
13510765397
13510765527
13510766660
13510766871
13510768370
13510768580
13510769033
13510769216
13510769701
13510965708
13510965907
13510966218
13510966222
13510966917
13510967799
13510968211
13510968738
13510969288
13510969788
13554805255
13554805688
13554806185
13554806229
13554806291
13554806607
13554806720
13554806777
13554807139
13554809992
13570865201
13570865905
13570865931
13570866170
13570866722
13570867046
13570867234
13570868630
13570868660
13570868808
13714065137
13714066061
13714066381
13714067077
13714067481
13714068450
13714068547
13714068835
13714069215
13714069371
13714665427
13714666594
13714666815
13714666818
13714666981
13714667088
13714667612
13714668933
13714669092
13714669511
13088801388
13088805377
13088806666
13088806863
13088807688
13088807813
13088808106
13088808118
13088808669
13088808759
13088808811
13332965580
13332965608
13332965768
13332965960
13332966080
13332966356
13332968200
13332968898
13332969183
13332969196
13332969246
13510146394
13510147201
13510148310
13510148383
13510148600
13510148616
13510148873
13510148887
13510149016
13510149507
13510149862
13510566365
13510566401
13510566733
13510566832
13510567255
13510567866
13510568774
13510568855
13510569208
13510569598
13510569979
13510706396
13510706691
13510707063
13510708700
13510708880
13510708885
13510709628
13510709661
13510709689
13510709813
13510709980
13530305471
13530305667
13530306069
13530306306
13530306879
13530307218
13530308652
13530308748
13530309885
13530309960
13530309963
13530885216
13530885906
13530886101
13530886338
13530886812
13530886960
13530887211
13530887565
13530887899
13530888007
13530888993
13543265112
13543266925
13543267303
13543267775
13543268099
13543268297
13543268355
13543268833
13543268888
13543269213
13543269695
13543325850
13543326331
13543327288
13543327740
13543327948
13543328072
13543328583
13543329238
13543329298
13543329528
13543329888
13554845028
13554845144
13554845860
13554846086
13554847290
13554848024
13554848180
13554848432
13554848650
13554849471
13554849755
13590105401
13590105498
13590105653
13590107438
13590108077
13590108707
13590108779
13590108829
13590109032
13590109559
13590109909
13631605399
13631605456
13631607191
13631607678
13631607826
13631608035
13631608063
13631608199
13631608565
13631608609
13631609400
13824325395
13824325615
13824326130
13824327035
13824327092
13824327142
13824327944
13824328183
13824328301
13824328762
13824329405
13312985008
13312985569
13312986169
13312986558
13312988328
13312988717
13312988815
13312988984
13312989021
13312989066
13312989153
13312989895
13316821988
13316825359
13316826158
13316826333
13316826398
13316827285
13316827798
13316827830
13316827836
13316828339
13316828827
13316828901
13510265091
13510265168
13510265699
13510266655
13510266656
13510267117
13510267456
13510267759
13510268862
13510269092
13510269608
13510269899
13510425888
13510426223
13510426646
13510426915
13510427176
13510427218
13510427596
13510428050
13510428076
13510428077
13510428909
13510429468
13510505270
13510505366
13510505487
13510505611
13510506535
13510506543
13510507560
13510508489
13510509369
13510509693
13510509869
13510509938
13510665520
13510665753
13510666009
13510666016
13510666481
13510666945
13510667117
13510667218
13510667744
13510668378
13510668986
13510669331
13510785837
13510786867
13510786909
13510787682
13510788009
13510788366
13510788766
13510788941
13510789679
13510789736
13510789911
13510789991
13543285085
13543285156
13543285455
13543285909
13543286485
13543287299
13543287825
13543287832
13543288093
13543288105
13543288812
13543289889
13570885050
13570885066
13570885113
13570885881
13570885905
13570886634
13570887893
13570888058
13570888478
13570888604
13570889150
13570889557
13590225082
13590226672
13590227088
13590227251
13590228001
13590228124
13590228498
13590228810
13590229133
13590229365
13590229857
13590229929
13632565546
13632565854
13632566036
13632566375
13632566450
13632566783
13632566807
13632567482
13632567552
13632569019
13632569110
13632569275
13714685360
13714685890
13714686660
13714686754
13714686969
13714687588
13714688864
13714688927
13714688972
13714689001
13714689757
13714689964
13312965008
13312966016
13312966283
13312966292
13312966622
13312966665
13312966668
13312966822
13312966968
13312966988
13312968162
13312968603
13312969897
13510105249
13510105828
13510106033
13510106366
13510106409
13510107611
13510108040
13510108084
13510108187
13510108303
13510108941
13510109373
13510109958
13510245173
13510245297
13510245508
13510245749
13510248366
13510248377
13510248585
13510248676
13510249129
13510249132
13510249302
13510249655
13510249718
13510585114
13510585330
13510585508
13510585573
13510586773
13510587203
13510587349
13510588198
13510589489
13510589598
13510589744
13510589887
13510589929
13554985518
13554985692
13554985943
13554986381
13554987043
13554987585
13554987767
13554987920
13554988001
13554988051
13554988099
13554988822
13554989911
13600189028
13600189086
13600189170
13600189310
13600189366
13600189389
13600189390
13600189450
13600189534
13600189631
13600189821
13600189822
13600189850
13714005511
13714006236
13714006303
13714006988
13714007113
13714007322
13714007426
13714008180
13714008673
13714008759
13714008761
13714008781
13714009488
13332925178
13332925269
13332926109
13332926289
13332927585
13332927739
13332928111
13332929029
13332929227
13332929353
13332929392
13332929468
13332929736
13332929796
13510125259
13510125479
13510126198
13510126199
13510126208
13510126229
13510126273
13510126544
13510127133
13510129362
13510129614
13510129781
13510129922
13510129960
13510165168
13510165293
13510165529
13510165896
13510166151
13510166181
13510166484
13510166506
13510166685
13510167011
13510169001
13510169181
13510169523
13510169530
13713906033
13713906121
13713906362
13713906806
13713907232
13713907541
13713907672
13713907949
13713908068
13713908542
13713908971
13713909404
13713909694
13713909884
13316905100
13316905128
13316905313
13316905556
13316906169
13316906506
13316906828
13316906907
13316906969
13316907500
13316907899
13316908272
13316908668
13316909021
13316909050
13352986015
13352986098
13352986828
13352987048
13352987282
13352987706
13352988206
13352988263
13352988668
13352988851
13352989123
13352989135
13352989333
13352989406
13352989707
13510205349
13510205441
13510206002
13510206120
13510206678
13510206864
13510206982
13510207490
13510208614
13825207443
13902926818
13602688236
13510346541
13902985153
13923747758
13823708106
13902946009
13600148271
13902988656
13902968662
13602687511
13510005930
13602649681
13825245950
13603008033
13823669088
13823665336
13312905283
13502886430
13923806041
13823606618
13509628588
13825246205
13823108421
13902909706
13823346676
13823286377
13509667909
13924605090
13823529958
13823765691
13510008600
13802287096
13602508892
13823107867
13923767874
13823668051
13924645451
13823286138
13823265100
13509647996
13823609063
13923728416
13922846132
13316988713
13827468850
13825245129
13828767200
13825208371
13802288915
13823669315
13510027336
13802225249
13510385076
13510847851
13602589230
13802286556
13923768159
13823126618
13923446590
13603065127
13828767588
13802709724
13924625893
13802246288
13809888770
13823366299
13823389096
13802208689
13823187068
13602687100
13922805698
13509626418
13602526856
13823248533
13600409048
13823708930
13823608527
13922886196
13923425228
13923766670
13602606017
13825226239
13923405888
13600447208
13828746595
13809882188
13922886286
13823685419
13828762124
13501565098
13902967939
13602506982
13823389115
13923807986
13823388113
13332988388
13510008852
13602568006
13823208005
13825229222
13828805748
13823146615
13823525256
13602507308
13902967582
13827409828
13827445106
13823765046
13501566960
13902985334
13923766696
13808808498
13823705939
13316585506
13825248951
13509627666
13823126518
13823345343
13823289380
13923726453
13827407380
13602667899
13923407769
13823185505
13902946668
13825208064
13802228608
13316588710
13510348221
13902966838
13603086655
13556866936
13823206350
13802229501
13802707373
13923449258
13823105108
13602605533
13825267387
13509688145
13602608755
13823607988
13823508259
13808807059
13809887576
13902926035
13902987066
13902947825
13902908817
13602629536
13823388098
13603065318
13632667206
13802246587
13809888340
13823269668
13600166907
13603086260
13602625913
13602669388
13312929401
13823525724
13502849710
13509686233
13823726985
13825286663
13902448375
13823708995
13501566502
13823128856
13802585263
13802208862
13808802392
13602547270
13902945624
13823706620
13923808235
13922808881
13823506862
13923425101
13802705455
13902445995
13823348241
13823667451
13923765058
13823788205
13923788804
13322988223
13902966588
13823648388
13802287091
13828768259
13924607046
13823268638
13823608166
13825267021
13823768892
13823549151
13602505088
13825209892
13502807158
13823565511
13823247778
13823125789
13827446811
13823347888
13510827343
13600446219
13902989177
13603025801
13602525208
13823668311
13823789240
13825248760
13823306189
13827407969
13825228803
13828788521
13823766268
13802588359
13924606827
13509648569
13828806889
13923889903
13602585873
13500065386
13825225930
13312926884
13823145832
13510026005
13923806339
13923405552
13823666200
13600148295
13923785939
13823268651
13823268556
13827445713
13802227279
13823706429
13825269292
13602688860
13823188296
13602585031
13825228261
13825288644
13823567842
13828765103
13509648304
13825289063
13823526173
13602605275
13802588839
13823667485
13802568775
13923808447
13923706293
13823669488
13312908588
13602549065
13322986669
13802588456
13823528339
13510006236
13823668209
13823745180
13922886635
13502887892
13510328505
13823787237
13510885922
13802709134
13823288705
13902906858
13828766688
13828768250
13923705650
13823665419
13509607811
13502848422
13825285123
13923746273
13510326399
13809868905
13823746676
13823529665
13922828838
13809868895
13823205855
13809866099
13510087127
13823765259
13823346980
13316965138
13501565081
13828867772
13902908261
13602508040
13922806982
13828867565
13923789792
13902946717
13510308612
13827449097
13802567814
13823228418
13823228713
13632668125
13602609095
13502888835
13602589305
13922845758
13923408991
13823347020
13802709953
13823185168
13923807635
13823328037
13823325081
13923869855
13509687157
13603006363
13923788666
13602687798
13510086123
13825269770
13924608128
13923888222
13510068198
13922808128
13312908202
13802245984
13501567718
13828766128
13502829497
13802587073
13923865118
13902986207
13510307086
13903028673
13823689863
13924645739
13502847302
13809888642
13823389525
13312909255
13510068953
13828748857
13603067242
13802588215
13823268230
13825206955
13823565485
13902487951
13823505868
13509647287
13924628550
13823128938
13602568912
13802708993
13823769790
13802706793
13602549635
13600425993
13501565649
13827448245
13510988138
13823146545
13924586181
13802205124
13802288650
13602586976
13510885194
13509668053
13809862317
13802205785
13602525235
13828708605
13823308253
13828765874
13502825225
13600425453
13823548042
13823287027
13923426020
13502805513
13602668781
13823325226
13823526270
13823526929
13923447010
13600168967
13603067836
13828885668
13510005479
13902989498
13823145586
13827446178
13823226118
13902928998
13823746799
13922808398
13600445900
13510086069
13902968113
13802566045
13603088438
13823109033
13509607679
13609627712
13922889888
13828705360
13823366616
13602526624
13312928996
13802269959
13902469844
13802568362
13600445335
13823588551
13922828088
13509687938
13510366560
13808805967
13823687988
13823166701
13823385260
13923405099
13902985115
13825268467
13823668897
13510885225
13502866886
13510006751
13510069993
13802246667
13825247532
13823266603
13827467869
13802588078
13924609505
13825208255
13823367381
13510847140
13316868515
13502847238
13802209321
13502868655
13823389178
13509686456
13602547500
13923867211
13924588255
13509688091
13923708466
13924608671
13902988043
13823566323
13823146054
13510005944
13510069684
13823525583
13827468653
13802208969
13823388222
13602605292
13802247300
13510868347
13510026883
13509628580
13510009802
13602647719
13923727866
13602528732
13825286848
13823688838
13823146817
13603026686
13802269417
13902909115
13500048788
13602649580
13502848060
13902968771
13923785991
13809866122
13823589833
13823105588
13823605426
13923725511
13902985246
13802229256
13600445593
13602548322
13825269975
13825268812
13823745032
13825268510
13823669391
13823665934
13828805333
13802709921
13600147298
13823508723
13825286773
13602625536
13500066562
13828725194
13802589740
13902927574
13602629605
13603068188
13823246578
13510887566
13510828459
13923888219
13802267216
13602566103
13602567398
13922888101
13828708864
13823228138
13509647184
13825205070
13823129128
13510385075
13600427832
13823286233
13713926987
13632666967
13509667894
13828787153
13902989875
13825268820
13825226649
13802225838
13902986397
13600449369
13823747984
13802248493
13502828667
13590129279
13922828139
13823249891
13809888992
13602626050
13823288717
13823307246
13923789061
13825246415
13902928101
13602668485
13823367716
13632666848
13825206263
13352968806
13808805118
13825248402
13603066241
13823327068
13802286686
13823607361
13823328405
13510885176
13823668801
13510306189
13823665616
13823249441
13823565000
13923405565
13828706513
13823725209
13823286521
13923789727
13923788291
13823766550
13509647655
13828825333
13828748432
13823208691
13902989371
13823689362
13602688894
13590127416
13823105758
13823329871
13823389081
13823568999
13902489458
13602608769
13802585665
13600406903
13902968365
13713927615
13509668263
13922848100
13502805138
13922809155
13603067405
13823686839
13808808789
13902988786
13902488475
13828767960
13825226049
13902445026
13823526878
13808806545
13828707918
13501569128
13602589682
13802588598
13802227964
13823548925
13510809968
13923408090
13923788562
13823745500
13923467002
13923846950
13802569636
13602586469
13802568792
13924586946
13828885448
13600445540
13828706777
13823388588
13602648382
13802289089
13600448621
13902927096
13602526424
13502865961
13923769150
13802227132
13828725995
13602666998
13352968865
13602505590
13823186338
13823269213
13510348354
13510828170
13825205307
13510089400
13556868788
13922848658
13827426203
13602586175
13322927811
13502828061
13509647678
13923746998
13602528932
13802706890
13825207403
13510005411
13902946384
13828748112
13924607888
13823549935
13902485955
13823329911
13510009996
13802285520
13809866630
13510089866
13924608787
13510828848
13823507420
13802569272
13501568639
13922809626
13823268155
13802248988
13823106464
13923748147
13602546457
13823569731
13823168617
13603088101
13823567794
13602627117
13823246541
13802225680
13828706858
13802588808
13802566083
13802587962
13902947591
13509648183
13509607249
13509686226
13510346055
13802288101
13316967276
13823747980
13923808288
13823587843
13823726043
13923805748
13802707009
13510885465
13602527007
13902987840
13828728765
13823529898
13609625552
13802288448
13502825300
13802288888
13809865616
13828748988
13823205805
13823206989
13502829948
13902926169
13332985821
13603069313
13510348294
13510868355
13823165819
13500067638
13902988865
13501569548
13502847152
13510885101
13510848716
13809885902
13823687977
13823206868
13501588622
13828746492
13600166068
13922805068
13802706655
13828708031
13802266559
13923747803
13923485392
13823307776
13903025108
13501567336
13510805101
13825249096
13828707682
13923867867
13501569586
13802285933
13802266631
13823329054
13609627133
13923745858
13823665021
13825205949
13825265975
13502828923
13502889782
13923427085
13502887928
13502825901
13902987808
13828867918
13902945357
13802248777
13823608342
13825206970
13602589436
13903027528
13827468835
13828828889
13600448766
13825269121
13923729663
13902928178
13502869975
13823529892
13823166089
13902469888
13823206199
13502847783
13502847773
13902929394
13802207709
13602688886
13902947797
13823207010
13509686311
13602526943
13828768200
13802588228
13902967991
13332989897
13502807315
13923848358
13602525929
13802268365
13823126398
13902988442
13828768776
13825286555
13823789019
13602528383
13502885235
13602565469
13316965685
13316985958
13922888312
13828886133
13823528971
13825265709
13823369590
13923727987
13825285489
13352967022
13823507274
13602589965
13825246789
13602605606
13510866566
13902946222
13902446332
13322988291
13823749038
13602686392
13510068746
13823508516
13922808928
13510086038
13602528218
13500069539
13808808800
13509648510
13502869252
13802286661
13322985608
13825267736
13902947157
13923765036
13902906006
13823106576
13922866076
13823687389
13923887858
13510388443
13823506922
13823109512
13823685885
13823188628
13823169196
13602689452
13823146074
13902986611
13823548249
13823708896
13823745461
13823369262
13602547572
13902487888
13502848926
13922888009
13509687799
13603028737
13823768182
13922828826
13823286438
13823666985
13902905009
13825285622
13922889291
13802588180
13316966013
13502868960
13923425659
13802225789
13825285561
13501587619
13823529105
13825269492
13332987189
13509647827
13802589091
13560787126
13902928192
13502826636
13922806680
13823169288
13823788702
13823745949
13823586014
13823785001
13902988357
13632665955
13802569917
13823387197
13827408922
13502888940
13902908666
13802588166
13902445991
13903028770
13802588712
13603089639
13509647987
13501566745
13823166091
13823269520
13602528287
13923769652
13827408250
13828727752
13923449159
13510009738
13823585666
13609625548
13510025999
13902987672
13823529526
13827405499
13602607654
13823126801
13823765841
13802229990
13823767054
13903025510
13922845808
13802587381
13924627778
13823606052
13823106164
13922888229
13802249922
13823525967
13922867777
13923727156
13802566474
13823365268
13828788962
13923486609
13828887325
13823348338
13600429196
13823707807
13827429919
13823606775
13802709118
13902986570
13823329903
13825207289
13509647091
13510208802
13809888492
13823148030
13502865058
13510885739
13802706169
13802206661
13602669830
13602649709
13923808178
13923709561
13923887058
13322986849
13808805886
13600165779
13509647608
13501566645
13502888939
13823687718
13823685262
13924605463
13922807986
13825267702
13510826981
13922866189
13603048125
13509686433
13510028472
13602546858
13509646105
13502865631
13602607162
13802706343
13809887002
13602645399
13828888756
13825205159
13632666872
13823325123
13600165468
13923747686
13828828856
13510307322
13802587220
13823766649
13828788525
13802706382
13603029667
13825285018
13823729021
13924609668
13603026119
13823685032
13823266628
13823706084
13828727680
13823385168
13828746025
13823725208
13825207022
13802246798
13823725715
13802268999
13823767758
13802708515
13902488980
13924608236
13823329813
13823505633
13501568519
13501568515
13823149435
13602569825
13922869307
13502866110
13902469040
13509645911
13560788368
13828885810
13510845601
13823106122
13501566911
13802226027
13923425330
13602505937
13823667281
13823566088
13823529388
13510987004
13602565269
13602606089
13903028529
13808807537
13316868018
13825267411
13510887294
13560787360
13602528630
13923469482
13502846919
13501587288
13501585868
13828888598
13823767046
13322985292
13823587429
13823149883
13828747532
13823188383
13632668818
13823747427
13823146862
13602565703
13823266531
13802289796
13823366261
13923746922
13500068968
13500047339
13823685606
13828706376
13502827459
13808808855
13902466302
13825265392
13509667660
13902908486
13603005231
13828702162
13825289068
13602565886
13602506961
13828888681
13825285004
13602626497
13827449934
13902468585
13823526903
13823686438
13825249633
13823228638
13823168927
13510868261
13923726233
13828888608
13825249319
13823365358
13602548255
13823385033
13802288909
13823686588
13825289699
13825286561
13902466353
13809885780
13802569522
13510846771
13924608653
13828787770
13603068290
13828885157
13902948131
13802709404
13823308388
13902447142
13502868896
13632687498
13501586425
13903027889
13502888653
13828768237
13602567797
13808808018
13510088889
13802268190
13802709281
13902907065
13825269303
13922868842
13823387378
13828727776
13802208806
13823287788
13509608673
13823507146
13922847272
13602688637
13902448386
13802585907
13823528219
13316585831
13502867856
13823768107
13602546025
13602608728
13923407139
13823589649
13902489197
13823305432
13923429208
13827405557
13823729551
13823547139
13923767762
13825267862
13502867155
13902907034
13923426019
13823646000
13923789056
13825228799
13322929729
13602647135
13825226761
13502888786
13823568088
13823305999
13825209362
13828786479
13825227138
13802268782
13602686648
13823527263
13923428289
13609626692
13922829566
13828868638
13902949858
13138887695
13922845099
13823787098
13828766535
13923469486
13827445172
13632665216
13802247426
13923848354
13828806308
13902909539
13510886783
13924645183
13828727755
13502807603
13823108094
13823368043
13903025559
13809866435
13902986838
13823606306
13828748572
13923868991
13823728705
13823665034
13823208688
13923886885
13603088013
13802585289
13556869163
13923725338
13923405839
13924628708
13509608111
13823689769
13809866544
13809887018
13923486156
13502885663
13500068991
13823265265
13602528891
13823307966
13802707186
13802289400
13923847518
13823589438
13502889890
13602506575
13602685308
13825247307
13502829088
13332985938
13827447697
13510028063
13823368683
13802225142
13602509825
13823666555
13602565621
13823585209
13923466308
13316966362
13823766142
13510088066
13802269499
13808806198
13509607719
13823745711
13923705113
13823209608
13823666663
13823205133
13509647690
13509626134
13922889929
13823745888
13602666148
13825207292
13602605756
13902947177
13825269275
13923726670
13823166031
13823248016
13823549053
13823245957
13825267105
13922847548
13923805785
13827406278
13603066992
13802589725
13501565692
13560787362
13923807906
13902906297
13316967965
13509606213
13823786239
13502807152
13509605353
13825227589
13509688401
13802268681
13823288056
13502846275
13902908515
13823765802
13802587172
13823168181
13902467916
13828766168
13502828698
13823147380
13603008836
13823286328
13602608962
13509647471
13570828669
13602527206
13603007175
13809862269
13809888222
13602666295
13510348051
13923428652
13823788035
13510886740
13825288360
13808805914
13502826963
