13979115291
13970888832
13576986946
13870886335
13767978086
15070903256
13732908660
13970040036
15270977776
15079029658
13707917507
13803533413
13667087099
13507911046
13807916029
13517087261
13870980092
13870658729
13970063081
13517912088
15270915926
13576258813
15279912115
15179168048
15279161169
18970055235
13970902022
13870882401
13755602381
13970068689
13755695770
13970051118
15070975515
13870608553
13970871917
13767956075
18970900101
13907916089
13576933347
13970017102
13907910113
13732919776
13807085211
13667002059
13907910111
15070877557
13576107431
13617084235
13803524121
13687004376
13699500635
13507002773
13330066023
13576052506
13697002199
13870652390
13970811715
13970933130
13707087366
13970881357
13699553332
13907918206
15170085385
13767978094
13732983690
13870613204
13807050812
13879158233
13576085418
13803517627
15170090558
13970070196
13870652135
13870605331
13387000259
13879114821
13970007993
13807088129
13870082707
13870844928
13707092140
13677099666
15079099088
15979185060
13807033089
18970875393
13979180058
13870685960
15117910080
13607913366
18007099836
15970646692
13870606864
13607063535
13807005200
13970835331
13607912200
18970092149
13807051928
13970820383
13707918117
13870609046
13803525506
13755699625
13979112069
13879157350
13870909347
13607002913
13970839310
13979129976
13870877313
13576255676
15170046949
15270933798
13767493183
15270841256
13677090132
13870615585
15270008112
13576000757
13576107147
13870600677
13907086970
13870839335
13870683998
13970090666
13879182862
13807055333
13970923418
13517082877
13870981971
13870090859
13576933873
13970028911
13507915688
13870887169
15907000076
13870821745
13970915706
13970012876
18970961565
13767007203
13870839393
13607088835
15970432782
13307096236
13576093981
13870680521
13576113084
13803526085
13607007678
18907004665
13870602530
15083843665
13979155778
13870971585
13870906017
15279161812
13576021965
13870057696
13576097711
13507918620
13755669161
13970066726
15970430346
15270887995
15347912446
13870878581
15007007603
15870030829
13807060120
13979122630
13870849629
13307004900
13767006573
13607088539
15083541617
13979135853
13767442216
13870051928
13907087768
13970027925
13677912683
13803521083
15879146151
13979171858
13767161892
13970913368
13767003897
13803508723
13767118353
15070879056
13307006382
15970699802
15279130825
13870621985
15070821395
13803505893
13870976899
13870983469
13970006995
13979100034
13879157229
13576979758
13767162129
13732928888
13576281175
13617091166
15270820966
15979157188
13576918692
13870058874
13879126507
15979131536
13576919919
13807032131
15070014930
13697089807
13479125051
15070979960
13979164020
13907006939
13576078923
13320016333
13576267623
13803503166
18970006066
13970059183
13870088598
15970699760
13677001559
13607918016
13807099824
13870926570
13907916982
