家长您好！按市教育局统一要求，2012年秋季七年级新生于8月25日上午8:30进行统一的语文、数学学业水平测试，请您带小孩于8月24日下午到校熟悉考场，8月25日上午带小孩及学生手册准时到校参加测试，不明事宜请咨询0731-88569968【望城金海双语实验学校】【家校互动】
13574879972
13974666356
13739067231
14789121858
13874960546
18750938050
15111140421
13637409388
13507482238
13831450732
13907492670
13975131131
15802519864
13875368128
13467555868
15116420752
13787174858
13907320518
13803578969
15115885788
13786170459
13467618974
13786211692
13617310304
13974819879
13823661718
13907487328
13973752088
13787295923
13467666748
13559779989
13974803960
15084852192
13874825964
13574129065
18229724585
13632439188
13507476211
15073373368
13723890901
13755032800
13702547775
13469412977
13875981812
15084747067
15197000896
13787234539
15874930849
15116274622
15874990485
15802506459
15873491268
13755088839
13574865602
15274825177
15874908575
13755058125
13787431341
13548558215
15973739355
13667355286
15111353977
13787036279
13652518448
13667305823
13787158910
13637416234
15974287832
15260000091
13875883132
15973152603
13755162088
13627319668
13975886788
15874938926
15111289508
13469475678
13975169572
13469079947
13975819943
13974921344
15874938759
13874336435
13707374966
13517408106
13975128729
15084733044
13874989784
13787177546
15874994668
13467583641
13973115691
13574125169
13487576389
13975879438
13618495143
13875912158
15874858376
13874831637
13974959031
13975188194
13574668236
13874863727
13874827805
15273055988
13874972789
13807493715
15084974077
18230552788
13973125284
13574131627
13874956223
15074859472
13617317013
13549762688
13973588211
15974194811
13975851298
13548621492
15974106059
13548832753
13607499316
13755087198
13755068973
13420688960
18874835948
13508407572
13973148263
13875864428
18229733688
13975889290
13875977729
15874159819
13508484985
13874962378
13787311362
13508474103
15116468538
13875968927
13787295098
13975862678
15874837088
13973783001
13487811769
13973161849
13469470588
13807310260
18711173370
13787101388
13874850095
15973129759
13548549788
15874897988
13627411618
13786252166
13787507568
13755198740
13786116936
15211132827
13807316959
13714955517
18773151621
13787214870
13507418601
13507454908
13874808979
15996826029
13467602888
13794351841
13574155989
13974943088
13548610562
13548769051
13467515589
15116273411
13627419255
18874185278
18857656768
18229757389
13874851965
13706939989
15111188975
15909915389
15007376138
13425847845
13874663580
15973127886
13787174256
13974817969
18874257288
13787796088
13787016737
15259332106
13755125679
13874882464
13677314480
15074988593
13974885603
13875961793
13762794936
15116320180
13789206688
13713718895
13787297496
13548819253
13787414356
13787161721
13637476682
13549680593
13507376600
13707374899
15111393471
15802620297
13875861536
15111026996
15073134367
13787236689
13467669639
13474905662
13874846783
13765004239
18797597361
18390428986
13617325988
13548981768
13974934038
13786183230
13507444838
18774648627
13617372788
18318563899
13974803851
15802610602
18274999791
15974124176
18774923488
13627406288
13873795664
13469058657
15874114357
13574173043
13755077341
15874099348
13637402274
13739079799
15116488896
13975873196
13874064498
13875881280
13808490787
13907489834
13467652366
13974891689
13874944155
13906303907
13618469116
13786746786
15084882989
13975823019
13574808097
15973143676
13874591834
13758071120
13469080327
13874855608
15111187283
13974943920
13875992559
13755186333
13973147509
13874879710
13874902086
13875964103
13548598880
13975804904
13723850560
13626565266
13786104050
18373221566
13517474565
13974911001
15197754470
13874962426
13875342559
13787168093
13548603708
13755110687
13787086182
13755073445
15974152238
15973436227
13974668709
15274511323
14789125743
13467538064
13657437590
15874972477
13974975045
15116436339
13973184369
13974821197
13874919847
13739081068
13974929368
18774915612
13808450906
13875844078
18773122788
13755144528
13787093590
18874644185
15874931336
13627484345
13874982523
13599166128
13755178346
13622829528
13677326196
15074961159
15920031108
15873132314
13574647911
13574682449
13926546573
15226336911
13787160387
13469431726
13787275496
13517401870
18787960009
15197087998
13755072249
13975114917
13809890188
13487676966
15989105488
15211065169
13607499734
13873172139
15111015786
13627499029
13974978441
13511119637
18229713317
13985473500
13787086269
13875395507
14795653978
13787427042
13908491973
15874227295
13807495398
13874975625
13874914229
18773164342
15873193178
15874184998
13548985785
15974123591
13787150823
13549679730
13467619712
13975824298
13808433468
15111336470
15807332101
18229766983
13787266462
13467714101
13574833989
13574157886
13507458952
15898419310
13874823002
18711981758
13762760212
13875953322
15973121749
13973569168
13467664560
13876002375
13974963069
15802665192
15084905741
18874129653
13687391551
18273150486
15873157828
13875920990
13974994390
13657481068
13467556421
15807423163
13607499742
18874816018
15084777998
15084842098
18874161656
13707494582
13874802154
15874913110
18711807038
13974989811
13517409286
13787085086
13975219422
13548688453
13874871681
13875812834
13467696832
13975181308
18229769238
18274997958
15111483608
13517315874
15274908205
15874256495
18774958326
13755066500
13786135868
15874936247
13974856327
13548946923
13787001819
18274983777
13907399158
13609958948
13428742799
13508491228
13786707307
13874986529
13467700626
13618468002
13508491120
13574156105
18787960010
13974658008
18770966511
13974938933
13786182139
18711788959
13487817055
13549676103
15874817368
13467661100
13787485029
13970785398
15873116938
15211091498
13874930829
13873790777
15107370067
15802546022
13787047088
13507468298
13509026137
13723866439
13574156172
13975852796
18229912367
13707491936
18711024049
13787785392
13787087518
13574115148
13974943847
18874115939
13874851026
13787091876
15074610081
15973165698
15111362375
13647480129
13907487174
13657354533
13548728269
