13687004228
15979043679
13870695169
13576021021
15079087766
15979166591
13677005354
13767114690
13870886875
13807080159
18979127267
15270023192
13576046621
13755665906
15979196327
13607091708
13607087136
13507080252
13767120120
13617009661
15979145581
18970965807
13970075938
13755671595
13755648342
15070955349
13970871175
15180171160
13970979554
18970809353
13870088164
13979164557
15870033806
13607095513
13803523039
13870942991
13767960788
13970979557
18970055383
15070819969
13970006638
13576298377
15270830593
18970925426
15170216340
13970990812
15879189321
13970891144
13970845580
15279178974
13667084411
13576146896
18970906032
18970938263
13576270811
13767492796
13576023358
13607060003
15979157909
15979073189
18979119975
13317057823
13970018606
13870885983
13970903711
15270867893
13707099822
15070810805
13970930337
15070812826
13979161478
13507910904
13970962894
13507008139
15270001951
13870883636
13517912015
15179138067
13870090345
18970084623
13970935136
15070910009
15079150051
13657913888
13576135418
13979189633
13767199755
13576107718
13627918373
15870611979
13698095139
13870932177
13607911623
13970932399
13979142977
13979108464
13879102691
15179168199
13970835242
13767101878
13320018835
13970036105
15070885985
13755776148
13576283115
13507005831
13870638029
13870987337
13627085536
18070053890
13870692886
13607005190
13767479379
13576009177
13979121357
15170453629
18970805568
13907006270
18970945855
13870986622
15807009878
13879106992
13970048808
13330065219
15170048598
13970011725
15970446786
13870880217
15079130300
15270898287
13870998216
13677084493
13576145930
13617915352
13672216555
13970034927
13755626797
15083824992
13576112992
13767981186
13970812577
13870998716
13807082368
13879184475
13803548392
13755630748
13907086091
15070073483
13576280809
13576285852
13870830213
13870933248
13970914132
13517912622
13617085210
13970888718
13755626192
15180185908
13576099576
15879009587
13576969038
13330108878
13507916084
15079166633
13607096511
13870669506
15070878541
13870808905
18979100309
13970088830
13517003629
15079017129
13576091217
13517006031
13970085298
13607918666
13647003255
13767179948
15970412229
13576071482
15970694749
13803504886
15170026013
15070014818
13698097748
13767183900
18970076006
13767015536
15079100610
13330097322
13979111222
13576063267
13576281283
13707088329
13317910180
13767151167
13755761808
18970033183
13576149616
13307085673
13732982045
18970080399
13870990596
13387009170
13576918348
15170242953
13317005373
13879196869
15879132987
13755658290
18970078221
13907094767
15180169709
13970006023
15079097546
13576003399
13667001976
13870902988
13970029123
13870952386
18979120323
13707097169
13687090023
15879105471
13970979062
13870886673
18907005798
13970006130
13707099847
13879138318
13970035212
13576970738
15079165215
13607084459
15279134103
13307092817
13970988751
13576904535
13803523166
13879170906
13697089129
13879100205
13657099057
15979145589
13576129129
15179194521
13732983165
13617093736
13870802867
13907915821
13607004026
13879198357
18970815847
13767150522
15070811163
13907088080
13870891212
15979012572
13870667593
13803516360
13870944446
13970820678
13879198853
13367006616
13767062832
15179116502
13807002200
15979109648
13970055242
13970030921
13979198721
13677080085
13507910295
13879174191
13870609939
13879184273
13807043193
18907093683
13970879844
15879105759
13576107418
18970836819
13699550188
15270031299
15083500522
13755666969
15083801595
13870099440
15179111500
13870663732
13870093900
13970846830
13970911219
13607000721
15079071895
13755602038
18970036092
13755799553
15180116055
18979157025
13970904133
13970026116
13870932009
13870099895
13755769136
13576927349
13879194022
15180115691
13970956150
13330066388
13807069532
18970052121
15180175430
15270821368
13367912703
13576078348
13979182463
13979120972
13367089770
13979174332
13879136836
13767172831
15970691788
13755663764
13870052030
13907911630
15179110360
13576083068
13767032711
15070960430
13576020685
13870947758
13807910657
13627910200
13970084736
13767155785
13732959831
13627910078
13507919022
13803520211
18907086733
15070056190
15879162086
18070092117
18702690171
15907082690
18970818545
18970035760
13807094877
13907004685
13576288998
13576250979
13970057770
13667005116
13807095609
13576900586
13870985051
13576902460
13907912005
15083503533
13698096309
13907094451
13507001397
13407917345
13870636761
15979021329
15870632180
13367097575
13807091235
13647002677
15879095668
13330063800
18970032947
13803522590
13732914515
13755693917
13677001613
13617006266
13970033657
13979144761
13870626688
15070097886
13755768039
15070975627
18970876123
13907915087
15180190270
13803529864
13755783988
13970870758
13803509703
13870639856
13870828602
13307092216
18970819371
13970086104
13576255028
13907081722
13970875737
13970024860
13699562215
13330082390
15079128689
13767181096
13870609689
13767194010
13607910778
13803531825
13907915462
13803513334
13870628675
15979066727
13767071586
15970406809
13694887176
13970033162
15170034321
13576059876
15170068428
13657918611
15270836486
15979095385
15079132194
18970908958
13767168626
13687000728
13307001000
13687008600
13517009921
13576139904
18942205036
15070012119
13507917202
13677915851
15083550654
13870080696
13755769518
13667088852
15879162622
18970850522
13970835740
15079023794
13879182473
15007919996
15279175933
13870896913
15070911350
13907001123
13870888701
13970976662
13657910500
13697088838
13672220003
13699550648
13870625533
13576967083
13755611016
15907006119
18970032062
13607919359
13767045123
13979109573
13803533845
13979179136
13479113740
13879198177
18970810255
13970035214
18970978039
13732947827
13870875735
13732907346
15879010964
15979094268
13870658198
13507002055
13970018508
13576918142
13697002782
15170019431
13367091129
13879157643
13970952691
13767186831
18970940087
13617911533
13707089117
13870962940
13879167903
18979116953
13970937245
13870643542
15079105988
13907085151
13970806983
13694885787
15979126995
13970845065
13699538847
13699567552
18979125606
18979109833
13870856637
13767001598
15979045580
13970984969
13755671515
13607912939
18970830182
13870090933
13807093310
18970962630
15170091579
13307912511
13970838337
13870649512
13970935490
13307086627
13607098889
13870904673
13979129205
13907091998
13970978537
13367005850
15170213608
13687099795
13755669735
13576916884
13870921910
18970019979
15979150885
13907090388
13576987155
13807044083
13517098233
13607000447
13870056027
13879196085
13970069898
13870903571
13576990435
13870955246
13879115027
13317054716
13307008395
13870671928
13307088753
15180157780
13807057767
13732909069
13803507911
13767114118
13803511347
15070837112
13870054909
13870968486
18970020829
13607002996
13576995862
18970926079
13979153881
13879165237
13657099497
13576133817
15879085797
13979170571
13970995383
13677000849
15979018821
18970826288
13767985038
13755627024
15070018781
13627088815
13803503318
13699552765
13576089106
13807087160
15070023075
13870851850
13970076037
13687003823
13576034677
13879180256
13307085973
13317915532
15079088923
13576081376
15079156597
13970838393
13517008865
15079087025
15979186286
15180130989
13803529545
13407099094
13979103811
15070961778
13979122352
13879194054
13607091925
13755658283
13767161175
13870828572
13576978987
13732941897
13807061152
13672220130
13807060832
13870616659
13870681164
13755674425
13970075886
13870099028
13807030952
13803534234
18970010581
13879179079
13627092708
13576966113
13970841102
18970015798
13767472331
13330076568
18970828334
13907917140
13576100131
15083501881
13970923158
13627082228
15070968958
15870001539
13367091355
13317911190
13707918702
13907087142
18970900661
13970051133
15979057236
13330110336
18970811114
15870671928
13870948817
13879174113
15079034662
13970971278
15179189396
13979169334
13607911210
13970020376
13767499551
13576258834
13979188568
13870895710
13870675026
13576056952
13807038673
13979139008
13870608971
13870060191
15070994030
18979125683
18907087390
13807000197
13755686990
13870907595
13607091163
13732913888
13517915505
13576049887
13870680037
18979125678
13970940419
13732914525
13576977010
15079085553
13870820950
15879108805
13970973363
13647088510
13307007503
13807000633
18970094761
13803545823
15079005230
13507002993
18970967315
15979162378
13755630729
13803543966
13607091701
13803510195
13307085990
13979143132
13517915670
18979125624
13907094693
13870951836
13617093289
13576066558
15970685578
13803542948
15970405954
13732914585
13367008788
13507919144
13517095962
13870054602
13970858882
15970468679
15070992183
18970976708
13576901482
15079050511
15270960198
13907915998
13870641949
13907081799
13907097798
13307083972
13970029090
13970874844
13807918877
13317919496
13732926214
15170216940
13507001616
13970065454
13576978579
13879116484
13870992232
13970871150
13870886868
15170469118
15350112839
13970096630
15870013306
13970961690
13907008971
13970907820
13755688052
13576932766
15070845810
13970850613
13576906132
13367088513
15879074144
13767038960
15879062597
15179117075
15879097717
15179180246
13979126263
15807910472
13672223853
13879174354
13879153230
13767425013
13870819326
13879197548
13870091516
13697090718
13970895913
15270827870
18942221953
13657008485
13803539827
13979126987
18970927137
15907082680
13767960773
15870678273
18970825673
15270885618
13970971293
13767155397
13807001308
13677085595
13979110292
13517083003
13870813909
13755628055
18979122382
13767068290
15179174369
13330110261
15807911515
13870687952
13970049826
13870832218
13361719023
18970817479
15007005891
13970834262
13907081773
13755605248
13698098618
13627081136
13970850675
13870601952
13803538225
13576297739
13970811816
13907095180
13870993738
13576133829
13767098103
13607917512
13979113339
15180158552
13767014279
13807096570
13979169913
13970066582
15079117577
13755798846
13979158058
13979157075
15970657690
13699507190
13870084021
13607082955
18979117538
13807060053
13576050960
18970924770
13907916498
13870850908
13755665377
15870624860
15979149841
13803539213
18970983880
13970088730
13576087500
15070838173
13732922376
13970807353
13677002288
13803539417
13317005143
15979175940
13607919611
15970468168
15270961827
13576268123
13767481498
13870699818
13970870187
13667097315
13870887105
13970927890
13970907292
13979130722
13870073247
15170015165
13755616285
13607917405
13970096945
13607066162
18970868691
13970010427
15270808763
13732963227
13330080123
13667096056
15180188087
13970886971
13576995781
13979167424
13576911673
13807062620
15070044617
18970019688
13767054412
13879171580
13755648648
13879138102
13576285801
15070071967
13732919636
13979137683
13755607917
13979128119
13907095752
15179103175
13803502340
13870996229
13407081163
13617087187
13307085131
15083558889
15979179924
15970419223
15979047047
13970984447
15079036976
13576135707
13576089056
13767482878
13970806050
13367091710
18970061968
18970810229
18970817662
13667007234
13517916919
15079092824
13803520843
13870940199
13870681311
13979170886
13970057589
13627005998
13607083501
13517089079
13807061186
18970967279
13870981928
15970696808
15070951212
13879159122
13970030910
13879113972
15179194275
13803534121
13879104830
13699558527
13803514133
13970819505
13317006633
13767185998
13627008591
13767040351
13803545899
13870630876
13755608877
13870889965
15270919231
13317913703
13970974511
13979116462
13576148347
13807054937
13879121981
13755682170
13576075120
18779152136
13807049042
13870897101
13807030149
13697008329
13979108910
13755672160
13576014305
15979109612
13699550881
13699500039
15070024347
13803545580
13576086582
13970008734
15270938880
13870896150
15870025205
15079151361
13870070181
13767017696
13870832030
13647004469
13870801301
13507916191
13647001107
13979184775
13870084243
18970926760
18970085704
13970933656
15270921785
13970052606
13576298618
13330120776
13767048808
13970029736
13330091825
13879165855
13807084367
13870872016
13607918868
13699552649
15879116508
13879139123
13755667885
13870970030
13361711518
15979000101
13517093480
13979194148
13807918208
15079136264
13576268037
13707915228
13576901437
15979197136
15070890145
13576250125
13576048091
13767071806
13755668398
13870690962
18970018119
13970999332
13617000275
13870968838
18907007291
13517088216
13576930610
15070987235
13387083053
15070083098
13576943916
13879173675
13970081857
13677008176
13330110912
13807033328
13576903813
15070940135
15083813008
15070953452
13879121276
13767492683
13970901122
13870622376
13807098433
13767081962
13767029483
13687087958
13767145991
13755658228
13317912216
13767155115
15079192622
15270008849
13879166154
13807030617
15979132959
13970868310
13607061755
13576025966
13732906601
15079162259
13767100718
13767046851
13707089329
13807007072
13970868589
13677009948
13807912460
18970077469
13367911575
15970699698
15979062803
13870837423
13970813303
13970897718
15170075674
13507915521
15270879296
13576959895
13970941287
18970070828
13970074055
13879161707
13698004071
15070018755
13576934366
13517003128
18970050959
15179121403
13970880746
13970056347
15079070303
15070070196
13767983495
13879185259
15070010218
18970821040
13517008736
13697913270
13803501179
13979179751
13979150585
15979181193
13361638226
13507000668
13307007083
13870090307
13767443828
13870623895
13698002437
13970907908
13367005595
13970921271
13479188765
15979032239
15970486865
13879101189
13607007950
13755789859
13672201348
13979188844
13672236522
13576105229
15870647563
13870878554
15070927226
13767106751
13870606665
13870929837
13870695086
15970633792
13576990067
13870985335
13627916658
13870944371
13970008797
13870652682
13970095211
13879181902
13767414887
18970035316
15270857539
13687915858
15279124048
15070000037
13970873006
15870656975
15079092837
13870613116
13807037986
13870056821
13970889393
13576920319
13870061882
18070096610
15870651937
15270967447
13803528787
15083538829
15970625067
13576901675
13870878844
13870652591
15179106784
13870085262
15083833470
18970022478
13697918726
15270966008
13879180955
13807002436
13755639716
13970811594
13707085821
13767048567
13767194062
13970905039
13687080725
13607099109
18970812195
13576253739
13576956291
15979165001
13576002362
13807095294
13970954878
13767497186
13576927552
13479105243
13970907090
15179187265
13970895168
13970856287
15879148356
13732928361
18970929799
13330089663
13732992696
13870667744
13627003201
13576060808
15879019272
13870930078
13576019755
13870960001
13870619563
13870819106
13870066988
15170206078
13970952300
13879196655
13979122684
13707915262
13870600699
13970946550
13576958828
13970889497
13970923341
13755779386
15079022782
13767176595
15180478704
13732927130
13755645749
13970826072
13367006610
13767095356
13870675408
15079151818
13807008209
13507918811
13970002915
15879153346
13979114311
13755770091
13767005582
13807082582
13870666378
13330063098
15907090653
13807006466
13803548003
15870674536
15180171779
13807000592
13870925500
15979021328
15079192830
13907096918
13320015586
13970989198
18970860671
13970993689
15179197762
13807001456
13407099156
15979197667
13970940945
13870839883
13479173099
13699565050
15270860508
13870605465
13732915827
13907095931
13970078661
18970866284
15979167188
13979150355
13870809642
13807913332
13870953320
15170053957
13870079795
13576124958
13970048122
13517097956
13807087910
13970052141
13803521042
18970076132
15879088616
13767051512
13870936028
13657009997
13361716620
13970925187
13870800020
13970869866
13870661827
13970829800
13677913046
13870979407
13803510012
13979171137
15970402049
13879123896
15970610986
13970026949
15870665962
13979154722
13307093960
13979155895
13307009138
13970803161
13807088161
15180118853
13330060663
15979080755
13970938548
15083513007
13970929017
13870930861
15879099689
13767166754
13507912982
15307009209
13732962582
18979171718
13803519312
15180193350
15070098506
13607083381
15279156146
13803501379
15270885543
13732918707
13870872573
13607086931
13576908653
18970827955
13732970321
15270923217
13970018338
15170071581
13970988919
15270010169
13970092909
13807910046
18970938824
13970927788
13970978228
13970990876
13607917060
15870651267
15179130089
13879125737
13979173802
13767033512
13870098166
15083553608
13479137373
13707090743
13970961821
13803529471
18970076501
13870684593
13576283855
13970965138
13970998082
13607003756
13870068080
13330110606
13307093972
13970902637
15270827368
15870017110
13970930722
13870603290
13970046070
13576262609
13970089050
13767095663
15907000200
13330118030
15079185508
18970997960
18970945022
13607001327
13707099811
13732944478
13699531559
13607061891
13317913143
13870909562
13576902143
13970839115
13707918188
13767470639
13707916660
13698415558
13803504964
13970801805
13907007139
13607061746
15979132721
13907085200
13607917182
13647913398
13767135519
15070042986
13870693619
13970825916
18970017799
13320116661
13979103263
18970077997
13647089385
13607091428
15970431865
13807084995
13879123845
13767986206
13979159691
13870828165
13979195231
13307911223
13970015158
18970998569
13807089614
13647096010
13803525055
13767489705
13576949911
15297912596
13607912723
18970806638
13507004700
13707096021
13672241702
15180161758
13767429989
13870866856
13879122197
13970805649
13870875061
13870068565
13803535733
13755791263
15970615118
13907099818
15079122322
13879145335
15170403359
15979020165
13807086006
13707099448
13803545676
15979166498
15070820208
13803528122
13970826310
13576013087
13870667177
13970092219
15979000186
13517005162
15979060097
13970867769
13755633893
13979149999
13870619035
15070849940
13657008966
13870087253
13870610189
13697088901
15070950318
13367002136
13979120608
13870957523
18907080676
13479123066
13576067151
13970870323
13667086614
13870950551
13767408619
15970462998
13970931936
13970006920
15879150604
18970963637
13697913654
15079055180
13870987845
13517008358
13767421879
15270830831
13576949273
13479186406
15179103468
15170071129
15179178552
13870856885
15970431140
13803530148
18970823768
15870627140
15879112550
13970987957
18979125684
13803515847
15070055881
13767005456
18970964226
15970419863
13870082739
13517002113
13870967118
15970695273
13870889229
13330112381
13707911166
15297919524
13320015622
13507915242
13879169048
15979155528
13879126212
18979125645
13607068580
15979151981
13694883935
13979190699
13907914467
13755647117
13687007343
13755663329
13907911361
15070015960
13807008151
13320012008
13870899265
13870898795
13970001614
13807913691
13870610183
13576007926
13870878511
13576128353
13870860699
13870892809
13870935996
13970904230
13767102329
15079126489
13870607766
13767433084
18979125628
18970037810
18970805659
15979150101
13607009596
13677919799
15070991111
13870637695
15979145833
13755751498
13879136297
15070931753
13755692626
13970880422
15079061603
13607910583
13970946086
15979009196
13677914075
13870690435
13907006772
15870033708
13607005467
13330065807
13576277243
15079185096
13870953532
13657080279
13870649478
13970981895
13807085826
13970991623
15979032611
15079075035
13307095775
15879190290
15970419023
18979125661
13767112980
13803535122
13807099305
13677001558
15870675072
18979125636
15179187941
15270835976
13507082197
13627096620
13307094118
15879072650
15070823023
13879185001
13970044468
13517006019
13870908546
15970615544
18979122290
15870605176
18970804838
13870946279
15270031172
13970915009
15070995709
18970032932
15979009236
13767479967
13970897077
13870680968
13307092106
18970017871
13870852960
15070411855
18970814228
13803503258
13970013127
13970031599
13707916627
13320015522
18079101802
15979100961
13870980953
13576295722
13507915100
13870052687
13970967071
13361712171
13970876916
13767035700
13870626629
13970029776
13870629180
13870977353
13767979822
15070097013
13361713856
13617089422
18970883308
15079002351
18970832125
13870662272
15079063112
13687005850
