Msg:Âõ†ÂèóÂè∞È£éÂΩ±ÂìçÔºåÂë®‰∏âÁöÑËàûËπàËØæÂÅúÊ≠¢‰∏ç‰∏äÔºÅ„ÄêÊñá‰Ωì‰∏≠ÂøÉÂ∞ëÂÑøÂüπËÆ≠„?
PhoneNO:
13862036037
15806216803
13706201478
18913153805
13222988412
13914001245
18914030700
13285108503
13812676798
13771886084
13862034599
15862530686
13511600784
13812659034
13511609226
13962124146
13771998628
13814811967
13013786238
13771955586
13776044681
13063801300
13771850265
13511602917
13862425933
18962116291
15006216669
15151433747
13862052570
13092677775
15195637112
13401466605
13913121950
15862321605
13913163818
13771782662
13913127939
13451678114
13451523843
13306209427
15006219102
13812692952
13405020603
13451666877
13862134367
13404232857
13912780045
13915585565
13812799692
13401461771
15950063986
15250101652
13862057439
13962524661
13402552984
13771739586
13913162815
15962258045
13862149519
13771892775
15995861119
15850190727
13913143640
13862013203
18914067155
13962135193
13218107518
13812777109
13912799067
15365306259
13451665581
18261705179
13862428991
15850141129
13862557735
18912770778
15851478952
15062394939
15062395575
13962168726
15106210794
13771995179
13584410031
13814889204
13812695203
13606203784
18914030459
13405063567
13913106148
15365306625
18913149992
15371861099
15995898977
13771979874
18915592154
13912795691
13812784426
13962132928
13814885357
13771779728
13913186900
13402657322
13776008337
15850166120
13912777109
15162228434
18994430432
18036815089
