13767142562
13907093598
13677002790
15070801590
13970906555
18970817788
13698098856
18907006666
13870828871
15979005888
15907009888
13607046299
18970853686
18770097977
13970964800
13870951128
13979176507
13361710762
13870909686
13687086888
13870855751
13870619675
18970834358
13979103228
15070022010
15070066606
13807067299
15907091096
13807090220
13879151677
15979020303
13767402233
18979176660
13576005888
13607049309
13687009198
13803519128
13672215811
13907919501
15180113911
13870937733
18979159058
18070099991
13576121212
13367003929
13979179792
13361623086
13970037228
13767026620
13807918248
13803548146
13767088129
15079000051
13970040188
13576076877
13697087130
13979105092
13576050826
13607065709
13807910756
13970090989
13607917927
13907092908
13879193456
13697001001
13870084662
13807058889
13576045600
15170078173
13307002111
15079186988
13732951133
13970928455
13767151157
13607916267
13970094539
13979116686
15870615888
13607085555
13697085636
13677005241
13803512398
18970078009
15083801258
13970997698
13970900981
13970095098
15079076952
13870819686
13970810245
13330092867
13970890936
13970988488
15870001799
15279171997
15070056358
18779196920
13767009860
18007087777
13970883628
13970999995
18879100888
13576003087
15879073655
13870081218
18970909205
13507916757
13803529553
13879122306
15270821771
15007910657
13576966666
18970889709
13576299288
13755690931
13970978975
13870801283
13970946679
13607007399
13707918973
18970012989
15870665916
13755783776
13970900023
15870633677
13970932577
18970041840
13732919888
13330075566
13755611187
13870655700
13807002355
18970818999
18970800575
15070804881
13707085003
13307083109
13607068558
13767057070
13707915358
13576252103
18970810618
13870618779
15979155794
13970058597
13970812691
15079056666
18970095777
13317008025
13870065880
13707099195
13667093936
15083503408
13970886808
13507086052
13970820767
13707098830
13732905880
15179187116
13576049085
13807916633
13807059888
13307915188
15879131118
18720062017
13970083158
13607917070
15870002121
13767458640
15970693067
13970806597
13576043601
13767033619
13767487750
13870086977
13767015931
13870077863
13767022361
13755773328
15070930976
15170026461
15879012252
15270849596
15070005316
13970990000
13307008309
13870066267
13607910550
18970915188
13870060031
13979180166
13767033658
13767076242
13870815025
13607096356
13732938867
15170099839
13907916133
13807059333
18970820363
13707917762
18907917518
15070991028
13970974499
13767152888
13767110097
15907096757
13707096627
13807919064
13879142627
18770098887
13732903299
13870687412
15879150761
13870858988
13803511411
13307913668
13330074667
13879172959
13907090691
13870938618
13907917557
13807086181
13870975863
13767078633
13907911848
15170056788
13667003333
15180181835
15970421167
13870865988
13607067218
13672212486
15807910484
13627003388
15179199703
18970888092
13870887288
13576001688
13576290006
15270002306
13907083877
13970919297
13732980335
13979110707
13803515888
13970918000
15079111120
13979192505
15979040119
13807059228
18970896899
15180107151
13979171888
13767077621
18970067373
13807913658
13657003887
18970076000
15870032231
13507081858
13870637758
13870908399
13907000211
13767037888
13699556563
13907009358
18070090165
13576149338
13767014396
13507088889
13607067611
15970683759
13970851963
13970859801
13807914888
13576067799
13576003131
13970030033
13870628118
13767029300
13870923456
13517009921
13698007927
13320116666
15879162186
13803522866
13979153418
13699510050
13707088621
13870901919
13307919770
13361710750
13607042469
13807094708
15170092818
13879172686
13807002911
13767962222
13979182801
15270013366
13970853788
13307008562
13870834422
13870678248
13767078882
13979111219
13807916248
18970883135
13970096888
13687912000
13684812601
