13411901198
13411936682
13411938558
13411938585
13411941653
13411956567
13411957333
13411960123
13411965666
13411966600
13411967399
13411979583
13411996820
13413413900
13413415189
13413422055
13413428787
13413443745
13413444183
13413449246
13413449488
13414031789
13414032788
13414033332
13414050049
13414077792
13414094229
13415016879
13415033222
13415033730
13415034758
13415037247
13415041015
13415048417
13415052222
13415053339
13415055058
13415055649
13415056752
13415081325
13415084473
13415084888
13415088838
13415110354
13415112556
13415118288
13415122286
13415126266
13415127736
13415139800
13415145429
13415148777
13415185826
13415195635
13417014072
13417036266
13417037504
13417037937
13417039873
13417049837
13417051338
13417071991
13417088150
13417090997
13417118020
13417118288
13417118382
13417148968
13417165175
13417168950
13417171443
13417179135
13417185790
13417196107
13417196145
13421852864
13421858715
13421865877
13421868935
13421871259
13421880188
13421880708
13421881000
13421884780
13421885553
13421889228
13421897356
13421899999
13422477387
13425303092
13425311983
13425315384
13425316268
13425316897
13425317985
13425320372
13425324334
13425324385
13425325227
13425327555
13425336249
13425342502
13425346768
13425346864
13425349242
13428308555
13428324555
13428329997
13428330861
13428332036
13428333339
13428335853
13428348339
13433301006
13433301910
13433302038
13433303303
13433304616
13433307568
13433307578
13433308858
13433310522
13433310889
13433311722
13433312127
13433312343
13433312799
13433316323
13433318611
13433318981
13433319952
13433319964
13433326696
13433329796
13433330749
13433331220
13433332436
13433334095
13433335426
13433335756
13433336353
13433336682
13433345222
13433346319
13433349335
13433352845
13433356622
13433356808
13433358877
13433366134
13433366549
13433368908
13433369998
13433375253
13433377328
13433379350
13433380006
13433380395
13433382825
13433383733
13433383756
13433388760
13433389836
13433391183
13433396718
13433398321
13433808777
13433810208
13433815610
13433821669
13433825550
13433831333
13433832806
13433833188
13433836373
13433837338
13433839831
13433843835
13433849978
13433849998
13433852229
13433855990
13433857995
13433859108
13433861163
13433862165
13433870593
13433875156
13433875888
13433877778
13433883304
13433886826
13433889290
13500130341
13500130900
13500139010
13500139850
13500191128
13500192988
13500196688
13500198181
13500199055
13500199225
13500199965
13502474862
13502475395
13502475832
13502475935
13502478809
13502478863
13502481110
13502482740
13502483093
13502486000
13502491788
13502491877
13502495395
13502495959
13502496109
13502498777
13502702468
13502702489
13502702783
13502704625
13502704788
13502705153
13502705539
13502707961
13502708129
13502709199
13502709222
13502766899
13502786137
13502787539
13502789720
13502791899
13502791989
13502795836
13502796689
13502796841
13502798786
13502900448
13502902197
13502910103
13502910539
13502916000
13502916782
13502917336
13502918475
13502920678
13502920876
13502922661
13502922950
13502923133
13502926469
13502926651
13502928891
13502965111
13502998761
13502998918
13531151840
13531154288
13531158343
13531163537
13531167837
13531168186
13531169641
13531200229
13531211206
13531211530
13531215112
13531222797
13531253762
13531260088
13531271085
13531275479
13531279599
13531279979
13531283347
13531286777
13531291248
13531293851
13534904417
13534923078
13534926673
13534929967
13534929988
13536800555
13536806271
13536812530
13536813805
13536819882
13536833448
13536848353
13536855533
13536864893
13536864922
13536868783
13536883737
13536889636
13536891983
13536897123
13536898881
13536898962
13536900089
13536900100
13536900725
13536900912
13536904113
13536904977
13536905475
13536905980
13536906889
13536907185
13536907978
13536909258
13536910782
13536912638
13536912860
13536913405
13536913932
13536913954
13536915129
13536915951
13536916280
13536917200
13536917268
13536917396
13536917405
13536919171
13536919970
13536920177
13536920791
13536921079
13536922669
13536923234
13536923298
13536924087
13536924108
13536925590
13536926291
13536926452
13536926789
13536928668
13536929728
13536929801
13536931183
13536932255
13536934509
13536934800
13536934981
13536936488
13536936566
13536937068
13536937207
13536938925
13536940892
13536942258
13536943266
13536945610
13536947470
13536947638
13536949209
13539603028
13539622348
13539625594
13539630712
13539631898
13539636989
13539646461
13539650208
13539656446
13539661009
13539662177
13539662688
13539666399
13539666413
13539667019
13539667738
13539667782
13539667815
13539667826
13539668329
13539668670
13539669687
13539671147
13539674217
13539675713
13539675719
13539675725
13539676119
13539676676
13539679777
13539680663
13539681228
13539681728
13539682044
13539682700
13539682828
13539682978
13539683030
13539683703
13539684420
13539685038
13539685317
13539685922
13539687621
13539688028
13539688858
13539689568
13539689839
13539690191
13539690463
13539692098
13539692253
13539693669
13539695346
13539695385
13539695598
13539696130
13539697379
13539698819
13539699495
13539699593
13542802081
13542803595
13542803787
13542803986
13542803996
13542804900
13542804901
13542804935
13542805050
13542805088
13542805683
13542806136
13542807202
13542807243
13542807970
13542807989
13542810820
13542810861
13542811589
13542811603
13542811666
13542811800
13542812808
13542812978
13542813561
13542813567
13542815285
13542815605
13542815708
13542817450
13542818107
13542819555
13542820727
13542821390
13542821699
13542822930
13542822938
13542823849
13542824096
13542824704
13542826176
13542828848
13542829701
13542830252
13542833157
13542833543
13542833779
13542833919
13542834597
13542835026
13542835400
13542835580
13542835887
13542836492
13542836695
13542836853
13542837477
13542837843
13542839152
13542839538
13542839890
13542839945
13542840032
13542842858
13542846881
13542848800
13542848887
13542850222
13542851873
13542852592
13542852708
13542853967
13542855959
13542856581
13542858398
13542859312
13542859623
13542861234
13542861859
13542864030
13542864247
13542865363
13542865958
13542867525
13542868245
13542869507
13542870191
13542870350
13542870579
13542871333
13542872583
13542872799
13542873452
13542875218
13542875536
13542876776
13542878351
13542879358
13542879727
13542880166
13542881772
13542882144
13542882388
13542882467
13542884922
13542887158
13542887316
13542888487
13542888488
13542891253
13542893692
13542896886
13542897973
13542899273
13546802837
13546805892
13546806713
13546807220
13546815628
13546820065
13546821571
13546821905
13546827383
13546828450
13546829297
13546840088
13546840796
13546844320
13546846572
13546848355
13546848878
13546852753
13546853355
13546855356
13546859112
13546859211
13546859789
13546861548
13546861783
13546862282
13546862797
13546863433
13546864754
13546866690
13546866800
13546867138
13546867225
13546871278
13546871389
13546871784
13546872038
13546872656
13546874054
13546875151
13546879393
13546879543
13546880482
13546880995
13546882189
13546883003
13546883082
13546885196
13546885506
13546885988
13546887172
13546887188
13546887225
13546888799
13546890789
13546891282
13546891992
13546895065
13546895349
13546895627
13546899282
13546899544
13546899896
13546899996
13553354473
13553357284
13553357658
13553365239
13553373687
13553379438
13553388322
13553389573
13553393860
13553397722
13556303354
13556327594
13556331097
13556333006
13556338923
13556346858
13556355432
13556358913
13556359200
13556383839
13556385774
13556393170
13556393425
13556399591
13556408111
13556412628
13556420328
13556425053
13556429012
13556430737
13556432694
13556435522
13556435989
13556436728
13556439687
13556442822
13556443009
13556444723
13556447020
13556453325
13556453908
13556455557
13556456141
13556457972
13556458328
13556458418
13556458645
13556458777
13556459564
13556461329
13556461734
13556462223
13556462827
13556463411
13556463648
13556464958
13556466939
13556468628
13556468934
13556470899
13556471887
13556473086
13556475533
13556475928
13556477123
13556477476
13556478379
13556478633
13556478759
13556481533
13556483793
13556484488
13556485600
13556485799
13556486967
13556489781
13556491388
13556491419
13556492596
13556494777
13556495389
13556496076
13556496513
13556497840
13556497888
13556497906
13556499047
13556499347
13556499355
13556499779
13592800555
13592811283
13592812363
13592813732
13592814982
13592815893
13592817498
13592818999
13592819056
13592821277
13592823456
13592824897
13592826332
13592827580
13592828151
13592828156
13592832045
13592833305
13592834538
13592835580
13592838179
13592842056
13592843358
13592853979
13592858508
13592866000
13592872525
13592877597
13592881890
13592885854
13592899444
13612300998
13612303117
13612303192
13612312012
13612324686
13612331355
13612335189
13612345006
13612349745
13612355055
13612355999
13612356803
13612369772
13612377177
13612387767
13612418111
13622588681
13622594829
13623019866
13623041869
13642221174
13642249457
13643006681
13643011383
13643020614
13643034287
13643058293
13643059478
13643066960
13643070289
13643076759
13670306664
13670307559
13670308054
13670313613
13670314362
13670317766
13670324644
13670337799
13670356575
13670359091
13670362907
13670378871
13670383263
13670436992
13670460716
13670529046
13670536680
13670548188
13676100611
13676134586
13676148983
13682851576
13682851797
13682855976
13682861569
13682865199
13682871111
13682874856
13682875555
13682876465
13682878282
13682878525
13682883925
13682895593
13682913563
13682921333
13682932039
13682937362
13682943610
13682955255
13682961666
13682981545
13682996128
13692001800
13692004169
13692005988
13692018160
13692018257
13692021629
13692023157
13692027688
13692032570
13692033029
13692038356
13692040826
13692045459
13692050980
13692054855
13692055520
13692058539
13692058788
13692059155
13692060808
13692062988
13692062990
13692063413
13692063446
13692063910
13692064968
13692066581
13692066646
13692068089
13692069536
13692069967
13692070500
13692071006
13692072748
13692073489
13692075661
13692076366
13692076567
13692076718
13692077081
13692081887
13692081980
13692082456
13692083738
13692084980
13692085156
13692087220
13692087871
13692087966
13692088754
13692089538
13692089899
13692091550
13692091841
13692091870
13692092993
13692094006
13692095419
13692096004
13692097998
13692099618
13692099726
13692099919
13692099931
13692099960
13715851776
13715854290
13715861968
13715874272
13715876747
13715877554
13715877569
13715881068
13715883906
13715885898
13715889396
13715890987
13715891498
13715899131
13715902586
13715902589
13715904066
13715909314
13715916363
13715916667
13715919732
13715921808
13715922069
13715928111
13715934794
13715944351
13715944618
13715948043
13715951271
13715952331
13715953869
13715955045
13715955526
13715955988
13715958889
13715959859
13715963855
13715964871
13715973856
13715984173
13715984356
13715989347
13715997520
13719900887
13719902568
13719902698
13719902725
13719903601
13719906795
13719908550
13719909656
13719909818
13719909843
13719909929
13719910388
13719911870
13719916598
13719918550
13719919389
13719919456
13719921899
13719922255
13719923849
13719923888
13719926904
13719931665
13719935808
13719935936
13719937654
13719940678
13719941659
13719941908
13719942362
13719947401
13719947729
13719948129
13719949993
13726509917
13726522242
13726528955
13726543493
13726544545
13726547678
13727653715
13727659095
13727659655
13727663584
13727664582
13727664756
13727666112
13727668567
13727668573
13727670870
13727671887
13727672660
13727672689
13727675858
13727675888
13727677089
13727677272
13727679558
13727681276
13727686362
13727687351
13727687556
13727693244
13727697777
13729202731
13729215223
13729217153
13729217666
13729222505
13729222740
13729223936
13729231155
13729231773
13729232339
13729232947
13729233982
13729236505
13729236660
13729238389
13729238482
13729240635
13729250561
13729250990
13729269117
13729271066
13729278773
13729281706
13729284984
13729289429
13729298988
13750401499
13750425592
13750427033
13750429890
13750443296
13750443829
13750449666
13750450730
13750450977
13750453939
13750460503
13750466506
13750468566
13750469986
13750471729
13750472929
13750493809
13750497976
13790800963
13790801550
13790803361
13790809658
13790814176
13790815829
13790822516
13790829373
13790831131
13790831318
13790835822
13790835959
13790837288
13790838208
13790841024
13790854788
13790862326
13790866161
13790877698
13790881521
13790885113
13790894878
13794103828
13794105639
13794108244
13794110525
13794119665
13794120622
13794122278
13794136663
13794143539
13794143955
13794148733
13809292968
13809295913
13809651035
13809671787
13809712413
13809712537
13809712904
13809713789
13809714122
13809716082
13809716934
13809718188
13809718951
13809719936
13809844336
13809845889
13822800148
13822800248
13822800762
13822801080
13822807733
13822810403
13822811000
13822811119
13822812201
13822814698
13822816023
13822816562
13822819560
13822819970
13822822224
13822823666
13822827933
13822828348
13822830298
13822833369
13822833373
13822836685
13822839938
13822843875
13822844935
13822845555
13822846868
13822847733
13822849098
13822850906
13822852678
13822853523
13822853965
13822855199
13822856515
13822858561
13822858899
13822860399
13822861138
13822865068
13822865885
13822866566
13822866655
13822868835
13822874088
13822875868
13822876667
13822876789
13822878108
13822879937
13822880088
13822880220
13822880366
13822880448
13822880499
13822881268
13822883197
13822884668
13822885333
13822888128
13822888135
13822888393
13822888765
13822888890
13822888978
13822895168
13822895577
13822898281
13822899088
13822899089
13822899838
13825801787
13829454503
13829460938
13829503588
13829504448
13829504855
13829516333
13829517650
13829517681
13829524689
13829531999
13829533113
13829533213
13829533302
13829533862
13829534011
13829534168
13829537442
13829538211
13829538332
13829538399
13829538670
13829539805
13829543789
13829543962
13829554555
13829555268
13829564333
13829576208
13829579978
13829582066
13829591188
13829592836
13829598888
13829599666
13829617273
13829652889
13829695512
13889950002
13889953111
13889955006
13889955151
13889956998
13889959933
13902711211
13902711753
13902711784
13902712678
13902713523
13902713832
13902715493
13902715685
13902715813
13902716678
13902716819
13902718584
13902718739
13902719293
13902719355
13902721776
13902723694
13903040561
13903040901
13903041003
13903041792
13903045120
13903045830
13903046345
13903046855
13903047093
13903047263
13903047400
13903047614
13923920139
13923920478
13923921170
13923921323
13923923006
13923923322
13923923368
13923923636
13923923889
13923925998
13923927415
13923928398
13923932899
13923933108
13923933331
13923933337
13923933365
13923933371
13923937070
13923939651
13923940826
13923942826
13923947168
13923948866
13923953333
13923957538
13923961067
13923961191
13923962003
13923962453
13923963001
13923963388
13923963868
13923963889
13923963985
13923964088
13923966566
13923966665
13923967728
13923968229
13923970088
13923971735
13923972501
13923975208
13923977872
13923978995
13923979518
13923979923
13923988676
13923997888
13924750918
13924773280
13924775170
13924777747
13924779578
13924798973
13926761626
13926764456
13926766678
13926775351
13926783148
13926783452
13926783664
13926784343
13926790425
13926793938
13929601198
13929601474
13929601752
13929602328
13929602746
13929603783
13929607745
13929608487
13929610550
13929610698
13929610724
13929611332
13929611701
13929611773
13929630459
13929630571
13929631197
13929631779
13929631807
13929643131
13929643390
13929643693
13929646070
13929646115
13929646385
13929646507
13929646850
13929684075
13929684233
13929684316
13929691296
15013903668
15013911988
15013918323
15013920297
15013920556
15013922150
15013930136
15013942263
15013944158
15013944503
15013945622
15013948913
15013956140
15013960999
15013966567
15013969782
15014307156
15014315999
15014317974
15014318235
15014321885
15014321958
15014322170
15014322282
15014323372
15014324570
15014326843
15014327340
15014329191
15017209324
15017209891
15017210828
15017213521
15017213545
15017214788
15017227687
15017237773
15017238392
15017238394
15017297131
15017831067
15017838464
15017839216
15017845615
15018350048
15018359333
15018360505
15018367021
15018371777
15018372439
15018375118
15018376461
15018379615
15018383378
15018384978
15018386738
15018388882
15018388893
15018391818
15018396000
15018800025
15018800050
15018800114
15018802577
15018807474
15018808010
15018808505
15018809058
15018809196
15018809498
15018811164
15018811171
15018811808
15018811824
15018811885
15019705037
15019705070
15019706053
15019707678
15019708180
15019708183
15019727005
15019731277
15019735777
15019736095
15019738818
15019743358
15019750188
15019752363
15019753884
15019757642
15019758052
15019760983
15019764425
15019770999
15019771411
15019776879
15019778259
15089110105
15089113811
15089137670
15113088171
15119982234
15119982783
15119983900
15119983937
15119985968
15119986669
15119988644
15119989948
15119989973
15119996393
15119999080
15119999198
15119999349
15218983563
15815000929
15815001385
15815004380
15815006023
15815006383
15815007604
15815008850
15815009411
15815010709
15815013849
15815014343
15815018998
15815019780
15815020000
15815020231
15815021885
15815022238
15815023911
15815023938
15815024678
15815025350
15815027010
15815029411
15815029969
15815031302
15815036274
15815041575
15815042528
15815042900
15815042939
15815045228
15815047229
15815048098
15815049077
15815049666
15815057588
15815059228
15815061049
15815062345
15815062516
15815062758
15815062910
15815063384
15815063662
15815064989
15815067383
15815068223
15815070078
15815072583
15815077929
15815085609
15815085727
15815096364
15815097379
15815099288
15815100140
15815100815
15815101865
15815103916
15815104411
15815104481
15815105879
15815106267
15815106941
15815108098
15815108228
15815108828
15815108844
15815110043
15815110888
15815111364
15815112710
15815116600
15815116655
15815118593
15815121100
15815122243
15815122272
15815122289
15815125700
15815125885
15815127323
15815130307
15815130330
15815130628
15815130633
15815130639
15815130788
15815131933
15815132145
15815132805
15815134225
15815134688
15815135769
15815135808
15815135814
15815135844
15815135869
15815135991
15815136608
15815137558
15815137968
15815137969
15815138374
15815138752
15815139298
15815139885
15815142418
15815143525
15815148645
15815152388
15815155558
15815156004
15815156555
15815160100
15815161786
15815162170
15815165067
15815165304
15815165699
15815166396
15815166669
15815167979
15815168343
15815168692
15815169700
15815170621
15815173667
15815173855
15815173911
15815174122
15815176591
15815176602
15815177530
15815177745
15815177771
15815177789
15815178961
15815179996
15815183170
15815184209
15815184462
15815185316
15815185545
15815187000
15815196612
15815196773
15815197050
15815201628
15815204060
15815210155
15815211068
15815211777
15815212816
15815212878
15815214039
15815215215
15815215251
15815218855
15815220089
15815220441
15815220756
15815222666
15815227172
15815227276
15815231225
15815233888
15815244469
15815247417
15815248248
15815250444
15815253989
15815260194
15815266589
15815270453
15815270686
15815277477
15815278034
15815279723
15815279777
15815281116
15815281608
15815283262
15815284696
15815285191
15815285777
15815285831
15815285834
15815286555
15815286558
15815286938
15815287498
15815287755
15815289313
15815289566
15815289707
15815289797
15815290950
15815291061
15815291572
15815293003
15815293732
15815299062
15815303737
15815309688
15815310955
15815311808
15815312885
15815318843
15815319346
15815319880
15815320055
15815320154
15815321304
15815321333
15815322112
15815322188
15815324242
15815324567
15815325001
15815333839
15815334982
15815335788
15815338713
15815338890
15816601886
15816602443
15816606645
15816608820
15816617972
15816618919
15816622636
15816626993
15816627230
15816627338
15816631398
15816639738
15816640347
15816642280
15816647176
15816649190
15816651020
15816651965
15816652808
15816653577
15816656868
15816670795
15816677910
15816679866
15816684696
15816691590
15816695045
15816695808
15816697246
15816697329
15816699108
15816699370
15816700287
15816701133
15816703332
15816709288
15816709774
15816715333
15816718076
15816719993
15816731378
15816734201
15816740942
15816745537
15816748563
15816767093
15816768035
15816770807
15816771770
15816772434
15816776883
15816777060
15816777787
15816778033
15816778880
15816779292
15816779788
15816779948
15816780696
15816780992
15816781368
15816782222
15816782391
15816786777
15816788236
15816789590
15816792234
15816796559
15817900297
15817902085
15817906971
15817908800
15817908889
15817918815
15817921304
15817922622
15817923422
15817924356
15817925288
15817926995
15817928838
15817929228
15817934288
15817934431
15817935039
15817935361
15817935678
15817938048
15817938777
15817939198
15817939912
15817940862
15817941123
15817941514
15817941608
15817943998
15817944775
15817945386
15817945716
15817948088
15817948850
15817950567
15817951570
15817954313
15817956443
15817957173
15817959037
15817962923
15817969908
15817970008
15817971770
15817972279
15817977305
15817980111
15817980198
15817980878
15817981899
15817982233
15817982429
15817983081
15817983103
15817983303
15817983870
15817987038
15817987545
15817999538
15817999688
15875352228
15875352508
15875356507
15875360508
15875372879
15875392123
15875399687
15875399704
15875405478
15875407508
15875407968
15875409311
15875410088
15875410809
15875410858
15875410888
15875412266
15875412919
15875414723
15875415188
15875415350
15875416244
15875419492
15875422260
15875426219
15875427023
15875427588
15875430998
15875434968
15875442564
15875445446
15875446496
15875455443
15875459454
15875460335
15875461555
15875464832
15875466699
15875467432
15875467644
15875471650
15875472088
15875476341
15875476774
15875483539
15875493011
15875496261
15875499810
15876155565
15876155778
15876159126
15876161167
15876161322
15876165525
15876167166
15876168333
15876174997
15876178360
15876178638
15876179161
15876180402
15876180734
15876180781
15876180919
15876181413
15876181626
15876182734
15876183003
15876184887
15876195265
15876198897
15876199917
15876199919
15889211116
15889213808
15889220721
15889224028
15889225551
15889225938
15889228299
15889228381
15889230596
15889232352
15889232839
15889233364
15889233569
15889233599
15889238388
15889240995
15889249688
15889262300
15889266026
15889276420
15889276545
15889282188
15913900577
15913901566
15913903121
15913910222
15913910558
15913910562
15913911222
15913914088
15913918432
15913921983
15913922533
15913923277
15913924022
15913929082
15913931878
15913938593
15913939528
15913945288
15913948280
15913951797
15913958583
15913959588
15913965102
15913965948
15913966669
15913967442
15913968859
15913970700
15913971386
15913973228
15913975520
15913986020
15913987659
15913988775
15913988809
15913989380
15913989855
15913995099
15914702555
15914708683
15914710268
15914710309
15914711166
15914711222
15914713073
15914717819
15914717868
15914720920
15914726049
15914728653
15914735137
15914737207
15914738440
15914741228
15914744376
15914757591
15914757998
15914763176
15914764078
15914766370
15914766655
15914766680
15914767626
15914768550
15914768551
15914768777
15914768789
15914769072
15914770263
15914771962
15914773100
15914773337
15914773368
15914776483
15914776540
15914776543
15914788418
15914788518
15914789755
15914791768
15914796789
15914798497
15914799474
15915500565
15915503930
15915505978
15915507020
15915509043
15915511022
15915511122
15915511126
15915512412
15915514575
15915515106
15915515542
15915515621
15915515653
15915515865
15915517078
15915518044
15915519333
15915519794
15915520999
15915522292
15915522938
15915522971
15915524824
15915527752
15915528185
15915529208
15915530494
15915531206
15915533335
15915533886
15915535546
15915535558
15915535559
15915535573
15915537608
15915537689
15915538834
15915538836
15915540202
15915541100
15915541155
15915541701
15915542238
15915542555
15915542973
15915543093
15915543683
15915544115
15915544418
15915547742
15915548136
15915549300
15915550313
15915550321
15915550388
15915550753
15915551325
15915551463
15915552459
15915552789
15915553828
15915554532
15915555557
15915555633
15915555813
15915555882
15915555992
15915556880
15915559281
15915559458
15915565441
15915567009
15915567329
15915569086
15915571618
15915571726
15915572109
15915572228
15915572425
15915573248
15915573985
15915574870
15915575297
15915575980
15915576963
15915577753
15915577862
15915578338
15915578922
15915580006
15915580107
15915582887
15915582955
15915583343
15915584300
15915585085
15915585593
15915585633
15915585830
15915586800
15915587069
15915588028
15915588130
15915588630
15915588903
15915588965
15915589974
15915590140
15915590353
15915590683
15915593688
15915595135
15915597787
15915597898
15915597903
15915597979
15915598518
15915598780
15915598888
15915599449
15915599678
15915599967
15915599989
15915599994
15915599996
15916602111
15916602145
15916604439
15916605167
15916605399
15916605789
15916607626
15916609637
15916611355
15916615889
15916616828
15916621678
15916622152
15916622209
15916622216
15916622229
15916622233
15916623595
15916626789
15916628123
15916628332
15916630924
15916633400
15916633813
15916634444
15916634903
15916635066
15916635840
15916635885
15916635927
15916639738
15916640449
15916640912
15916640990
15916642663
15916642666
15916643699
15916645072
15916645504
15916646688
15916647348
15916655525
15916657888
15916658885
15916661128
15916662537
15916663022
15916663176
15916665610
15916666845
15916671017
15916672825
15916673216
15916673257
15916673729
15916674321
15916675780
15916676342
15916676815
15916683826
15916687490
15916687994
15916688788
15916689655
15916693767
15916694303
15916696045
15916698060
15916698175
15916699636
15917901107
15917901346
15917902635
15917902892
15917903002
15917903400
15917903525
15917905722
15917907240
15917908080
15917908688
15917910000
15917913015
15917916455
15917917732
15917917827
15917919762
15917925137
15917927207
15917927711
15918912778
15918914401
15918915077
15918915158
15918916593
15918918822
15918925425
15918925820
15918933588
15918936009
15918937367
15918938999
15918939773
15918943538
15918943655
15918943888
15918945482
15918949194
15918955906
15918959900
15918966546
15918966868
15918969048
15918972599
15918972830
15918974242
15918978122
15918978156
15918978195
15918978984
15918979068
15918981728
15918983045
15918984995
15918988555
15918988828
15918988833
15918988884
15918993773
15918994610
15918998848
15976903334
15976903885
15976904459
15976906432
15976909966
15976910763
15976911232
15976913278
15976915226
15976915332
15976915669
15976917984
15976919911
15976919942
15976919993
15976926561
15976926969
15989700555
15989706101
15989710375
15989710550
15989711533
15989714049
15989721676
15989729851
15989735999
15989810000
15989810715
15989817098
15989819880
15989820868
15989821512
15989821521
15989822077
15989825558
15989833253
15989836226
15989838382
15989839288
15989839962
15989845813
15992200352
15992200885
15992201156
15992201707
15992202008
15992203803
15992203829
15992203883
15992207432
15992209094
15992209520
15992209590
15992210838
15992211093
15992211120
15992215300
15992216474
15992218122
15992219040
15992219959
15992220001
15992220415
15992220456
15992226958
15992227238
15992228766
15992228829
15992229909
15992230173
15992230928
15992231946
15992232005
15992232058
15992232666
15992232833
15992232847
15992232849
15992232852
15992232887
15992232888
15992233059
15992233337
15992233579
15992233878
15992233884
15992234089
15992234228
15992236056
15992236444
15992238155
15992238327
15992238413
15992239848
15992242871
15992245005
15992246959
15992248599
15992249108
15992249147
15992249489
15992249772
15992251299
15992251465
15992252148
15992252576
15992254906
15992255553
15992255673
15992256710
15992260477
15992261581
15992264527
15992266166
15992266899
15992267793
15992269690
15992270703
15992270809
15992271298
15992272662
15992274992
15992276072
15992277722
15992277779
15992277793
15992277935
15992277997
15992278662
15992279411
15992280155
15992280820
15992282073
15992286338
15992286913
15992287144
15992291695
15992292231
15992292292
15992292623
15992292685
15992295516
15992296662
15992296663
15992296682
15992297919
15992298006
15992299020
15992299094
15992299115
15992299328
15992299338
15992299535
15992299695
15994907827
15994908327
15994917366
15994917399
15994919395
15994921918
15994922209
15994922600
15994923282
15994925768
15994926685
15994927286
15994930379
15994930576
15994931331
15994938133
15994938138
15994938572
15994939159
15994939201
15994939330
15994939331
15994939776
15994946959
15994947958
15994949503
15994949698
18823920016
