逆市热销造传奇！首付仅20万入住城央层高4.8米，买一层赠一层！精.装标准2500，拎包入住0烦恼！双地铁交汇58918899 【瞰景公寓】



13752707722
13602011053
13820266696
13752523985
13752283293
13622027478
13820196959
13820668778
13516194384
13502143051
15802284740
13821379542
13512245674
13820170676
13752332539
13702177129
13752273040
13821261896
13920910798
15822925006
13920334142
13920369494
13682130658
13920000942
13752620543
13920201787
13920480030
13920875377
13502007748
13902083322
15822582736
13602168722
13612177591
13512269705
13602049818
15822806264
13920739846
13612172397
13512915019
13820413544
13512946291
13802170938
13803007500
13821463339
13512278469
13820215630
13920489536
13821033200
13920925326
13920893291
13802079857
13512219868
15822233031
13920413591
13821757987
13920056879
13802117881
13820854838
13502120214
13902096419
13920607799
13502171893
13920671385
13602056571
13516172757
13803062239
13672119040
13752031596
13820919336
13512857741
15922059845
13821205420
13820251182
13802046104
13502153553
13512418609
13702010046
13802117189
13652100068
13802192203
13702177685
13502131479
13820387878
13512401727
13802001085
13803092227
13752193577
13820908586
13602128734
15522120697
13702152050
13642129140
13702143651
13920345700
13902108645
13652192146
13662157223
13920108238
13821597795
15922047851
15922226384
15822090241
13920144366
13820529029
13702085623
13902075582
13752799854
13802019646
13512011891
13820606226
13821616283
13821926055
15900366339
13512086588
13803068018
13902024269
13920670116
13920760747
13920622330
13502005907
13652046676
13820207000
13502101321
15922001572
15902248276
13820699883
13512844058
13512040810
13920371766
13512964691
13516101223
13702156880
13752221594
13682055247
13752098049
13516136129
13512808951
13820257263
13516216405
15822373822
13820306685
13902105281
13752312043
13821987318
13752513503
13602149925
15822259503
15822317685
13512487392
13920594520
13920800321
13821765280
15822414037
13820138088
13821596179
13752303133
13512979872
13821606922
13820728405
13920637598
13920939532
13512020828
13820704626
13682126887
13752442683
13502088310
13820601218
13702065351
13512840940
13821388820
13821266670
13662025176
13512417443
15922204940
13821603867
13803016116
13820482393
13902171176
15522020437
13920769977
13920904352
13512043327
15900340230
13920201494
13516119712
13512901666
13702026000
13622111700
13821728827
13802063880
13920949404
13512239735
13820833680
13752753874
15822475850
13752374277
13820286809
13902187699
13820241325
13752436476
13512440769
13820140599
13602152216
15822625603
15822713510
13820308996
13902073438
13920388069
13752457653
15822108955
13920278825
13752403301
13512221123
15922028547
13512063266
15922088338
13902015502
13820298986
13803037710
13820805883
13902179834
13820154603
13672107936
13622101090
13820411951
13920692836
13920332696
13702038711
15822386411
13502062988
13820433674
13920111632
13752509388
13821540100
13502191153
13512423760
13602113712
13752468762
15822223855
13821809010
13902057550
13920468090
13902103302
15900210097
13752252740
13752416763
15922099833
13902054498
13802058919
13512004526
13512067249
13920119377
13512866524
13802151822
15802293417
13752523577
13512834100
13920622723
13802065438
13820380569
13920239952
13821323962
13821724782
15822822355
13502166437
13662147639
13820415977
13821996665
13820902585
13602159356
13516178381
13502077052
13920693429
15900335265
15802294570
15802297716
13502054468
13820586319
13612157972
13821478416
13502109689
13752214180
13802124355
13920000191
13612122619
13802019166
13512000311
13752610669
13642170821
15620001688
13652062913
13820127911
13802150496
13803098638
13803046997
13820174917
13821590801
15922168480
15900281107
13821400008
13821363180
13502105402
13512886640
13920559575
13920219928
13612109849
13820686383
13602086976
13752034506
15822678451
13512062518
13902012230
13602096688
13512430334
13702080800
13821946557
13920436365
15822227486
13612183621
13920660754
13821299865
13920835586
13672098961
13803072313
15620753773
13682011832
13672178898
15922184226
13752505111
13920471726
13821040532
13902194656
13702129229
13821183950
15822799291
13821345559
13821135658
13820700583
13920885088
13602166883
13820470785
13820134835
13920549710
13821172616
13752021180
13821721678
13902179118
13612095090
13803037852
15902240425
13512048011
15822642875
13752550095
13512823664
13502113684
13920046686
13821742771
13662033855
13502033508
13820730881
13920807380
13821619117
13652105124
13820162879
13752467603
13602023995
13502178280
13502132135
13752356968
13752106281
13802090056
15822887719
13821855013
13920637395
13902133686
13920417758
13821534194
13821314408
13820786109
13821750386
13902000731
13662093041
15922252772
13821620001
13642038426
13821207621
13821517029
13512461935
13821002430
13512213430
15822783717
13821992808
13752418979
13820329199
13662053308
15602171388
13512845964
13602126832
13642112144
15822019184
15922159686
13821986186
13512823126
13820170062
13512822283
13820688670
13821613042
13512400664
13902068324
13516124100
13602122274
13820850766
13902030913
13820197972
13752014567
15900233008
13920397802
13920826819
13920122272
13752306637
13642080358
13752028483
13820351550
13662111381
13821750177
13642094010
15822653478
13752650655
13920932844
13752583654
13802107924
13752169283
13502102349
13502067501
13802157979
13502185313
13622063794
13602055206
13516165877
13820683303
15522381288
13602166120
15822396465
13920761323
13682109998
13920294090
13920493936
13502104982
13642118485
13820844332
13920479486
13803084623
13702077111
13752063891
15822560846
13902188119
13820585520
13920910106
13821046551
13512233712
13820118518
15822312044
13920296030
13920165398
13702032105
13920137865
13512204313
13920174939
13602050645
13820482762
13803005608
13820225588
13820342184
13820829388
13803008131
13820590937
13602185263
13752789900
13612137463
13920503186
13752793836
13920248369
13821366998
13602062736
13902009090
13920041490
13821332617
13702184119
13622111136
13821198950
13920828779
13820364293
13920835363
13602198532
13802162658
15900288335
13902176429
13602020270
13902095202
13642040914
13512404898
13662059316
13920006605
15620197243
13622034744
13752572811
15822434462
13821787420
13920924066
13512082233
13920660221
13820680185
13920484563
13502112225
13821134659
13920099252
15822393165
13682121425
13821369313
13820891717
15822263406
13820608428
13920707850
13820601195
13752042001
13820389266
13752252513
13652180261
15822901021
13803059339
13752348916
13821700782
13920803801
13821391159
13502182517
13622058823
13920999069
13820476778
13821728638
13622032994
13512213072
13672171123
13820386632
13502163894
13512269996
13920906190
15822183351
13512499914
13642057904
13752375757
13752517550
15822738084
13752022011
13612029745
13821088789
13602146978
13920576644
13502038596
13516209933
13512088607
13512037523
13702083792
13902101833
13512428715
15822308689
13512807948
13920370085
13920081246
13820502740
13821081018
13516158555
13752224863
13752598823
13902166966
13512283976
13820028016
15900388282
13512477866
13642011768
15802203038
13752674238
13820367008
13802133455
13512067998
13920407197
13802189162
13512472339
13752275037
13502026704
13702001026
13512497487
13752005988
13516273502
15900293383
15822860205
13820667700
13820031668
13512208939
13642085916
15922120831
13902124588
13512417578
15822500003
13752275370
13516107680
13752663704
13820567281
13602031809
13820568899
13820485200
13820315661
13512011639
13920636183
13820554341
13802168990
13803000667
15902212495
13820817619
13902063679
13512955555
13820051601
13902082605
13502151271
13920060391
13920659569
15900382145
13512415365
13821696475
13920678248
13821629964
13502162176
13702090373
13612073619
13821028688
13902018288
13821383669
13920005769
13752770646
13820263862
13602002635
13642041219
13502160384
13920176799
13920712509
13752302267
13920354551
13821915690
15822236901
15900372966
13752186612
13920018350
13512085781
13820766688
13902013208
13642162484
13920306872
13512464078
13512803433
13820512640
13602179631
13902183956
13920470247
13920500527
13752035543
13602075256
13821044407
13821546577
13512233111
15822246706
13902156987
13662031817
13752072107
13920958575
13803026808
13802000140
13820037263
13672185585
13752538950
13512498052
13512041016
13512270878
13672014628
13821037347
13920356213
13752005786
13602029939
13502153080
13512405090
13902117285
13902166876
13802016036
13502117795
13820555888
13821831836
13512254804
13752206403
13512979997
13920822424
13752146341
13512021762
13821436668
13821387759
13820757115
13820012966
15822178816
13502086930
13502103830
13821913889
15822853865
13752390540
13803084780
13821615662
13902020350
13820013322
13821077488
13821929388
13512219151
13622111478
15822167548
13512228478
13820510607
13602155390
13820354872
13920803510
13820491293
13902183916
13820330412
13642099592
15802207567
13920430193
13820525471
13512069700
13920114762
13702008845
13512935984
13902060662
13920317974
13821108061
13803002409
13920896662
13512216673
13652051647
13502166404
15922097338
13821280283
13920072002
13516182884
13920659295
13622171226
13672112243
13920667994
13512296236
15620371340
15902252828
13652109333
13512220574
13672191986
13512231577
13642083283
13512040773
13752318588
13902118330
13662156922
13820664585
13512824801
13602188190
13920787773
13802016908
13820978085
13502019863
13502100409
13821176458
13702101818
13920045718
13602001971
15822193893
13821166669
13920525616
13602115282
13920381335
15822803533
13652062746
13821031880
13920521325
15822919002
15902260206
13612021178
13752450809
13920901885
13820985626
13512836353
13820381307
13821590520
13803022080
13820602078
13502068763
13602050123
13682051038
13803001513
13920235061
13820864520
13821839126
13752403330
13512880014
13752359973
13821897634
13612040600
13516125906
15922001697
13512479205
13512220993
13902157017
13920458254
13821400555
13821494567
13512038822
13752357910
13662108573
15822009370
13682071579
13512889937
13821668477
13820668122
13702104509
13752270202
13821652832
13821702088
13512860371
13820602396
13752780505
15902223803
15922091740
13920263660
13821591398
13821430938
13752716866
13702081814
13920183722
13602198525
13920496435
13820263686
13512297935
13821311652
13920889478
13920732898
13803048526
13502173587
13902020848
13752166992
13502038008
13920800750
13920958978
13820656655
13512875012
13820226936
15822988744
13516130539
13820046168
13516270637
13920333433
13622158901
13516255776
13821748980
13920962334
13512228559
13512205400
13820700402
13512879020
15822984910
13512963828
13820114755
13820205187
13702072870
13820637608
13902003697
13902118063
13752273723
13920153073
13612032368
15822148460
13820429181
13512000318
13702167138
13802053890
15900390170
13512233280
13820259204
15922152288
13622063300
13902002978
13802145195
13752464800
13662031668
13820713186
13920091859
13902129911
15822338799
13820760700
13920438421
15922271577
13516265235
13512455740
13902150396
15922041698
13502158986
13512824451
13821372042
13920287455
13821724914
13602059009
13516128329
13820560181
13682072156
15902283981
13821329496
13512069685
13512998872
15822552867
13820265999
13802178988
13702117893
13821589819
15822329552
13820012120
13920161417
13820683089
13821466888
13642047341
13920538997
13820964962
13512238452
13820035703
13821885118
13820897016
15900290747
13512897355
15822464397
15902256819
13821527787
13820132172
15822011069
13821628888
13820330825
13802123794
13821689160
13512081397
13622161021
13820634158
13821229682
13502131978
13512801431
13512057428
13602132633
13821188390
13502144853
13752031628
13702197689
13752261650
13502104698
13920370212
13502182300
13920479897
13920389362
13803098900
13652062690
13902077086
13820547501
13820036694
13820660479
13672112340
13821486180
13803041371
13821099390
13752032013
13516233879
13512989650
13920450458
13920855598
15822521977
13820874561
13821775380
13702182151
13920034561
13512243189
13502188777
13820180608
13821559040
15620326593
13821468133
13902003999
13702115556
13803051406
13612190205
13902068686
13820980142
13802107003
13821486120
13702076118
13512225071
15802230267
15900243749
13920519173
13512801297
13512441591
15900221231
13821853616
13902119993
13820198896
15822086880
13502111516
13702158868
13752350360
13512941898
13820880796
13512879999
13752034851
13502121379
13920097563
15822540007
13622074523
13752377718
13512068238
13820080856
13902108121
13820702795
15602167712
13652192484
13821060956
13512468046
13920306939
15822721471
13803027981
13662040621
13512852975
13502133644
15900283205
13602024004
13820369568
13662074292
13622024622
15822556388
13752158999
13920596016
13512456503
13752176965
13803006872
13803025889
13821376091
13902130155
13702053183
13622073555
15922035293
13902101191
13512931171
13820730810
13602064602
13682034228
13821611868
15822311268
13502002680
15822906565
13820304505
15620271563
13502018363
13820966601
13702105213
15900286914
13502162336
13920981235
13920433368
15922293631
13672129868
13821888272
13920195308
13502090647
13920257311
13502158211
13821058900
15822164794
13820246858
13512966773
13820978316
13820244756
13512046283
13512411642
15822258746
13512940206
13821406282
13662123488
13612106649
13920815785
13920986889
13502052131
13752590630
13920612205
13820736221
15822773342
13622170579
13602005994
13662166051
13602128860
13682143786
13662137399
13821692027
13512208803
13612158107
13821946481
13752355061
13512083756
13802147165
13902134146
13821323559
13902077622
13702055975
13820474872
15822000542
13752322988
13612108458
13821550680
13602076573
13821021306
13642041347
13920084310
13702116752
13512811957
13820858321
13820701750
13820206062
13920772149
15822671243
13642089901
13821647928
13702146082
13512297510
13820139190
13642067320
13752204488
13820380988
15822962560
13902082368
13512869541
13920471605
13821535222
13920341372
13752735855
13682010625
13512202660
13902032822
13602000391
13820305129
13622113483
13752778740
13502072689
13920587788
13512807091
13622005137
13920680796
13920846326
13602057364
13602073964
13662082260
13820500929
13512065823
13820520139
13752359813
15710299784
13752168267
13752485579
13920427612
13512974425
13820087126
13820801426
13642045210
15822799685
15900367840
13662191778
15922215692
13752308313
13821200621
13821673703
13902038988
15522335600
13512041020
13803084501
13602130043
13752193033
13702115252
13752069987
13920461276
13820913946
13752723193
15922007770
15822015239
15822181932
13622188906
15522507015
13821639594
13920982058
13752511113
13920826398
13512055059
13821897150
13920974654
13820833765
13902163090
13920821010
13920401686
13752096017
13820116383
13920272016
13502006365
15822341101
13920397976
13752422382
13752347788
13820000436
13502033125
13752517387
13820027903
13752218669
13820158968
13820104888
13920250679
13652147532
13682068562
13820596553
13920901572
13821013002
13820691616
13502017711
13902009151
13920452571
15922082698
13502157276
13920360061
13920476477
13920031887
13802081252
13920264521
15822252225
13920475757
13702010152
13821065306
13752733744
13820698786
13902026238
13902137019
13752688104
13516153204
13502003161
15822438306
13920956301
13902090122
13920885644
15822372796
13920600051
13602162819
13702187748
13820073278
13920568069
13512002860
13820660516
13802098878
13902077717
13702180181
13820267842
13516123937
13820582345
13682043938
13502128597
13920400567
13820787017
13820588055
13512069350
15822735060
13920222887
13802101214
13502073585
13642037346
13820980154
13752204733
13502052048
15822855622
13920892089
13821028759
13820264908
13602059830
13821586798
13820039444
13752438440
13612011729
13820061429
15822196801
13622063819
13752471185
13920115251
13602061202
13920609993
13752023516
13920467225
13642166134
13821725206
13512821486
15822457877
13821041237
13702138911
13516228393
13672110277
15620467228
13612068698
13920517733
13622001878
13821277278
13920657528
13652047587
13512272654
13672050313
13512238325
13821596906
15902289524
15822019300
13752537302
13502132780
13920153273
13802028122
13802111999
15822705556
13920386165
13512432086
13821941819
13752512308
13752338001
13820012619
13920886070
13512427805
13512038642
13502041647
13512242738
13802184126
13612042485
13752755556
13920237198
13752046632
13920295319
13820284858
13602067178
13752182222
13512099902
15822191117
13682044558
13821696443
13752545096
13512267888
13502056513
13502156698
13821460206
13920987848
13802026738
13820547230
13502085028
13920068018
15620230296
13752763810
13702053665
13622059474
13821639909
13920736688
13502049535
13602016670
13752353969
13920865064
13920169978
13920696337
13820403122
13820134450
13920410457
13502155453
13920424326
13512457800
15822308301
15900215909
13682195531
13702065295
13752033987
13920168729
13752296808
13821453654
13702000969
13652095333
13820311333
13512978848
13512950966
13512038126
13602031540
13682041908
13821020708
13821764428
13512443285
13920882370
13752721707
15802251609
13820589399
13902119202
13821695981
13602073850
13820577501
15900281351
13821774565
15822785764
13512419555
15822166396
13752799569
13502071208
13702166217
13820541525
13820190503
13902100508
13752110066
13821136395
13820471224
13502173027
13802188527
13502097592
13682083173
13920193929
13622061440
13920946666
13920431534
13820666200
13920552099
13802122566
13920050776
13920214081
15822353953
13602169885
13682117971
13702034805
13662151934
13920804399
13642135860
13920246037
13622065001
13502157855
13920167675
13752415418
13821115659
15922094816
13920990105
13602132917
13662099080
13752096496
13802026288
13612182130
13821054032
15522191921
13920359887
15822365523
13920982236
13820994545
13820998550
13752275853
13802157855
13752015237
13516185111
13516186986
15822450901
13702023333
13821722202
13820597767
13702090184
13642153645
13702151671
13820857211
13752171815
13702062062
15902282158
13820715563
13920119066
13802169798
13820410508
13820519759
13752582842
13752155758
13920347334
13902125681
13802190921
13502081836
13902065002
13820014641
13821571090
13920359590
13821050227
13920520567
13920386508
13902113986
13502156070
13920490897
13820280828
13602101413
13802145788
13516135055
13502140078
13920296920
15822974823
13821877180
13612011313
15822413783
13820703951
13512484653
13502156365
13820669773
13920000147
13512418416
13502015753
13502135050
15900289707
13752661163
13920556131
13920033727
13662099305
13752739058
13820330671
13752796378
13920229644
13512202599
13702152066
13652048102
13802092806
13920245892
13821441429
13821597808
13820035892
13502190280
13920148696
13820183020
13512048772
13920826151
13702195267
13702126885
13821897079
13920592836
13821857642
13622046540
13652141258
13752110725
13752709300
13920516917
13512415814
13902086032
13502186920
13672125260
13820207676
13821302428
13802151389
13820119843
13820086064
13512417215
13920056274
13820367256
13821872058
13502002678
13920350688
13920952163
13920905783
15822551396
15922102329
13652048399
13802089393
13820636985
13752457636
13820060269
13512976589
13516256594
13502071307
13820859497
13702196934
13502191705
13821068818
13821267278
13602167266
13752317366
13612126629
13821303823
13902164874
13752761233
13821322358
13502113321
13920073540
13802145123
13752242160
15900387111
13920394205
13821995297
15522386033
13920669410
13820780259
15822179475
13821567177
13920944191
13602090000
13920067657
13920472489
13512467489
13602000665
13512066039
13752065913
13820588530
13512884136
13512886116
13512030300
13662000951
13820382435
13920199993
13820178948
13702156090
13820844410
13821277700
13920963585
15900397424
13752770687
13920249077
13752382206
13920282100
15822586532
13821465998
13512888205
13920195901
13516293918
13502128505
13602136518
13821155116
15822328072
13821584682
13920865161
13642183514
13920593002
15902246250
13512923508
13820250678
13512447032
13682118239
13821437091
13902059966
13821223543
13652079290
13920089777
13820341034
15922050288
13512462347
13752035080
13752731760
13752089268
13512424777
13820307067
15922258989
13920613711
13662080106
13702015768
13820199592
13612032993
13702071441
13821558302
13821013346
13512461311
13802129750
13512211188
15822285962
13920826553
13752576370
13512934345
13602049903
13803036416
13502142817
13920126529
13502124265
13820982196
13820899978
13602030323
13516125706
13502159042
13752181869
13602089041
13920878238
13752088522
13512035886
13902063123
13502066864
13820733929
13516160808
13820606893
13752151508
13902120655
13602158918
13752349438
13821689630
13502077838
13821867905
13920600699
15822263355
13512880080
13802033793
13612110571
13820120875
13802170986
13920055726
13820988191
13602098433
13920444048
13920695649
15922193364
13820552506
13682068230
13820297961
15900299377
13821117501
13920403509
13512288737
13821866614
15620117925
13752725643
13920381457
13920464350
13752341100
13702175431
13820384939
13502154420
13820933468
13516162438
13920669245
13752053475
13682086250
13821156255
13512979224
13920595160
15522343905
13902024081
13820277234
13821762649
13642196038
13920008248
13602066548
13512265908
13920823584
13821794201
13502148520
13920317926
13512200073
13820901952
13502099655
13752534511
15822479509
13821705899
13820360910
13920375811
13920478940
13920699397
13820298591
13752109072
13821965727
13512214651
13820047230
13920805464
15822852955
13752411404
13920718445
13820423911
13803068309
13820515729
13702057622
15822431889
13821084867
13512957586
13652099454
13820367854
13662176263
13702106850
13820686252
13920935969
13821774191
13821644439
15712269287
13512244033
13622110469
13821151964
13502081861
13820565777
13662134027
15822341920
13502182660
13752786860
13602002010
13512262268
13820689081
13820134402
13512877694
13920758859
13820361516
13512274680
13702146488
15822684252
13602029371
13602071719
15902267998
13920870870
13803031459
13752594829
13512814319
13821363559
13642166193
13502098860
13821389820
15822503283
13821619758
15922084098
13920209098
13820846271
13803044715
13820935842
13512233264
13821486689
13821126022
13502035089
13512031311
13502185093
13821668511
13502193183
13920820877
13662081262
13512091844
15822915329
13821450641
13920475307
13920919086
13702163058
13752467053
13672066326
13702158830
15922204808
13512804890
13920694992
13502023601
13502027640
13920910508
13602010607
13516205148
13752358269
13752302067
13821307011
15822269678
15822753404
13821176328
13820652676
15822716451
13512458560
13920423763
13920938158
15522367814
13602059391
15902231987
13512957201
13920801219
13502083588
13502156848
13820173205
13516267545
13820017453
13920202929
13512855782
13902026017
13821677890
13803051016
15922087519
13920208658
13820555873
13920490078
15522387162
13820905009
13920576111
15822843066
13820585302
13682156995
13821304164
13512998453
15822154742
15802221925
15922284628
13902045493
13752657066
15902216111
13820445582
13821453698
15822400688
13752590582
13920630888
13752531852
15822958881
13652093414
13920159816
13502198900
13512870996
13803048385
15822512196
13821421560
13820814152
15922049799
13512836149
13920471082
13612014674
13602134324
13512879884
13820096205
13821991885
13512078202
13682131613
13920952277
13920938018
13820934286
13512288370
13752550013
13516157020
13802031224
13752652376
13821331902
13752009010
13820572115
13920052966
13662000963
13512430398
13802198696
13803086464
13752435736
13821740020
13920282044
13512082136
15620642239
13602008608
13920066669
13512478200
13502159378
13821037788
13902004801
13512438660
13820610979
13902130058
13821220808
15602111350
13512807895
13802016286
13672116490
13802115798
13902021815
13821994062
13602190418
15922262906
13602052164
13920069069
13821357458
13821566852
13516179810
13512434202
15822288085
13902184200
13612129122
13821965282
13802094185
15822370006
13820017280
13752544838
13821176465
13821602956
13642082252
13820255740
15822633628
13502136898
13502192447
13502121163
13820142197
13920992128
13602013600
13512878068
13602091138
13821340363
13752124969
13902015570
13502181603
13820053282
13802015861
13662007542
15822471549
13512917529
13512076977
15822580817
13920587676
13820064976
13820114875
13820017172
13821231193
13502099989
13752583846
15822345480
13820563916
13512880278
13821046437
15822603894
15922229887
13820090680
13920716369
13920666070
13512868028
13602111595
13820580233
13920398394
13802038138
13516196572
15900337186
15822800962
15822433994
13502071101
13512443981
13920544681
15822728042
13920920628
13752085962
13502164076
13662079731
13920503888
13752002655
13502199753
13802141184
13516186033
13512818254
13752569297
13652022613
13820222120
13752326727
13920116071
13682088979
13612119240
13602016111
13502110466
13920507117
13821285496
15900326906
13820480336
13802178901
13802173118
13821641951
13803035111
13502060908
13920197777
13502119555
13820715432
13920575378
13820020446
13512256038
13802062609
13512256072
13502060277
13512077653
13902015663
13820551056
13516268882
13820198279
13820589370
13512899911
13920698883
13920396028
13920622037
13672106582
15822401322
13516151541
13516240825
13752268766
13820486930
13821294377
13512850096
13602188121
15900333188
13682011830
13920085618
13752622081
13821569523
13802035656
13622052386
15822394546
13802108142
13820731058
13902105622
13752329406
13920802557
15922123358
15802210696
13820221410
13820605808
13622009988
13803005722
13752652773
13820490333
13622009692
15822856268
13920178866
13821358035
13821928228
13512219911
13752267161
15822620910
13802081201
13820095523
13752155339
15922086912
13820708660
13920824729
13672056061
13902161242
13652169040
13920103881
15822990113
15802288222
13820788191
13502011187
13642188934
13702048323
13516141483
15822580867
13920902574
13920423398
13820294739
13820002955
13920533895
13662095333
13920534491
13502115030
13502117172
15822889117
13902024376
13920060573
13662119660
13752661804
13502175807
13512298367
15822413170
13902176938
13512294675
13820463926
13512262663
13516294815
13820566158
13752115742
13902107480
13602155726
13752620057
13820670869
13502009450
13602177233
13821275896
13820555576
13820083702
13821940660
13502179441
13602011800
13920498999
13821060100
13752359388
13820155839
13820418019
13642039342
15902206231
13752135252
13920386929
13512033065
13820681871
15822453971
13612033589
13920234997
13702160097
13920560851
13502139671
13820682606
13502115844
13920910966
13920195499
13802136634
13820888508
13920188390
13516264193
13512038287
13512267973
13802038777
13920802370
13502104372
13502044440
13821689698
13662052103
13602037371
13820785016
13821413113
13920915549
13820199950
13920601751
15900388642
13820987145
13802098929
13920169100
13902053559
15900320004
13920138413
13920518188
13820555588
13920391777
13820722317
13803003430
13502119086
13702131866
13902063705
13920425529
13920969510
13702188954
13920777072
13802169132
13652023002
13752013481
13920588291
13920602070
13821980438
13502182114
13820241700
13512295935
13752198449
13920392388
13803016167
13602105516
13502065089
13820694723
13502071619
13512838130
13821356111
13821207071
13820226527
13821685552
15822590666
13512980752
13821721724
15902227718
13920689559
13920062178
13920868670
15822293974
13752258022
15802295716
13920460405
13820294632
13752119438
13820031666
13502191455
13821494091
13516195135
13920718151
13502130525
13752784270
15822509696
13802175622
13820778498
13612165913
13821304604
13820735366
13821600802
13752329710
13512459163
13920904139
13920408985
13820524460
13920128982
15822179400
13920464804
13920416006
13512077247
13821111377
13920214828
13502024915
13920009559
13512914848
13820688950
13920886669
13820463274
13682196558
13612012171
13920348821
13821325044
13902121484
13622048095
13920682089
13820203489
13672015525
15922250290
13752174776
13821355316
13502084888
13512017010
13752413779
13752581893
13820220863
13752027791
13820385817
13920022938
13920660925
13821285407
13512912074
13802063498
13502118302
13802026919
13820669511
13622067817
13652198914
13642078700
15822477082
13622024893
13802123657
13820165976
15900251382
13642114288
13752514120
13820129344
13902078001
15822250478
13820682971
13803091318
15620726272
13920829085
13622002033
13512242395
13920146113
13512804286
15822622121
13752662091
13920647470
13652128065
13662195313
13821254488
15822796911
13642151561
13642052612
15900241009
13662172062
13642038863
13682157886
13752221237
13820209805
13622107067
13820111571
15900268080
13802152080
13820399661
13920369007
13821165033
13821645345
13920116289
13920430099
13512947013
13502189333
15900288939
13622006604
13502058588
13920572135
13820616060
13920906176
13821544092
13920821697
15900284245
13802132452
13662127161
13820672222
13752112198
13920583971
13820090331
13820414355
15822719604
13820014612
13920992469
13820945135
15900315611
15900278453
13512497630
13821961123
13820077075
13820294567
13512981982
13612037895
13820397729
13820560337
13502127455
13662057074
15822184806
13820312638
13516100066
13902124678
15900285513
13821172249
15822174423
13920484655
13512953168
13920333049
13752716293
13502175749
13821347944
13920137576
13920899777
13821887659
13821264352
13702164081
13512808075
13920088529
15822375119
13752121099
15902289130
13821305353
13512093706
15822011115
13820045625
15822825652
13682135369
13820270388
13821915243
13502053375
13802027406
13502064756
13512961420
13512482212
13622045565
13920433588
13512248830
13821165758
13682122754
13802190091
13920808425
13512042190
13602196815
13820515998
13516154396
13622094447
15922215211
13820997818
13502098924
13920282196
13502027776
13920385028
13820117980
13821055525
13820398823
13821764170
13820664459
13920920625
13820218185
15922298941
13821603068
13702183414
13512880924
13682041387
13820158086
13920208822
13662176364
13920552811
13821896872
13803004356
13920099056
13502175830
13820847407
13902191118
13920513668
13821231382
13820259136
15822172074
13920501180
13820718721
13662147000
13622079535
13920341907
13516115590
13682002308
13662001959
15822482127
13752469315
13902155555
13802153755
13920178671
13602010958
13902121326
13920397878
13821392208
13820606313
13752772691
13662051158
13821604721
13821658893
15822314150
13512218991
13802076192
13821696916
13752596888
13752480454
13920196780
13512835251
15922191617
13602020091
15902280981
13602086511
13821098827
15922226944
13512401110
15822789427
13512225971
13902012095
13502171694
13702064089
13820699232
13512408530
15902268159
13612142552
13820338256
13512222922
13820429118
13820013077
13821850151
13682022166
13512004658
13821686696
13612111420
15620857577
13821278865
13920915536
15822156667
13512201829
15822981613
13920603522
13920000222
13662177083
13802041313
13920121600
13512236672
13803072596
13920512606
13920766516
13920942125
13821473917
13502131911
13502107493
15822052259
15822087822
15922057039
13820760677
13920500672
13602190044
13820081560
13502057626
15522710816
13821567217
13672164871
13920205421
13502107123
13821664377
13920948456
13920265308
13512088681
13802053656
13702027325
13821262663
13802154390
15822948640
13516185259
13602149752
13502163209
13752314478
13512823048
15822615095
13662068229
13920836937
13820061961
13820222238
13512089790
13512229499
13502119179
15822295688
13820993312
13752724722
13821821555
13502095583
13502190219
13512976665
13702188555
13502093313
13920505104
13502018789
13802195368
13803027070
13602197566
13502125864
13920769637
13512222336
13920774266
13803028305
13920592460
13672014183
13820572049
13920125197
13502011482
13642135058
13820310758
13920316078
13662009154
13920405502
15822788043
15922171207
13920215227
15922003855
13821024231
13902185199
13821210989
13802037855
13821872628
13512400506
13642104963
13672127727
13920363726
15522356368
13902175456
13820855778
13820232398
13642037815
13802178188
13512497547
13642169890
13902043403
13920174038
13821668198
13920736536
13512951915
13602101144
13821188003
13516221629
13920005485
13902128342
13920150794
13920600259
13920223465
13820025217
13920654323
13502139275
13820996698
13902141170
13920925615
13802048278
13920130195
13920587820
13702020590
13820289018
13602056173
13752066105
15922012892
13752346333
15522242796
13820081039
13821224196
13902046636
13820941366
13612090660
13752260146
15900353294
15922009504
13502043216
13920069050
13702133557
13920100949
13602096401
13502104282
13502124502
15822243266
13902025255
13920036489
13920531092
13512072423
13820261763
13820187950
13602125656
15822746699
13821266760
13820690777
13802084441
13920401747
13803050119
15902277533
13512942673
15822460731
13920359733
15522609417
13920167977
13920682192
13821857367
13802072939
13752522473
13820080289
13682043405
13820880651
13512017563
13920965874
13821388836
13516137992
13622125721
13920453085
13502086500
15822048050
13803060664
13702164298
13920093276
13902111266
13920130868
13821815774
13802198940
13821255282
13802033300
13602062100
13802061008
13512077798
13821273737
13662021060
13752564661
15822453236
13516122070
15922274918
13612056119
13920811867
13821781807
13920661325
15822106975
13803088800
13642047195
13902155399
13920932222
13502177504
13821009277
13752562657
15922107528
13642083370
15822744541
13820399777
13512401474
15822549794
13820189264
15900309406
13502086697
13920059378
13622064478
15822810733
13682031431
13902098083
13920468988
13820082912
13920387437
13752087788
13602051888
13920415366
13672195785
13672142280
13702194345
13820420515
13512001049
13920087286
13821269423
13516155979
13902150069
13802196872
13502094368
13820672000
13752368078
13920686849
13920808120
13920478816
13502005666
13512073560
13602128166
13752654810
13920710216
13622118393
13821188102
13920103864
13920948677
15522360856
13821143559
13821877671
13512433208
13920088825
13702019387
13802008519
15602077376
13820737835
13512880192
15822936577
13920312518
13920657545
13920737476
15900313355
13752116843
13821538801
13902050005
15922245439
15822553983
15620874955
13702037089
15900213136
13752460807
13920287503
13820525555
15922226061
13752673661
13662081449
13920657215
13820913387
13602076706
13803063092
13920692496
13702055978
15822160156
13820144541
13920979881
13682109605
13902000365
13820049043
13702098616
13920657758
13803033791
13821656303
13920976207
13752783400
13920333522
13802113153
13512271136
13612078940
13920555329
13512838032
13502183472
13602044617
15522331170
13516230948
13662130417
13920188315
13821216226
13672114980
13512048448
13920579681
13821996765
13920331367
13512996456
13920095373
13752302658
13602078950
13920051409
15822809971
13512218975
15902274833
13752501315
13752265706
15620533333
13682033107
13752400567
13702021577
13820121449
13920699737
13820135908
13682097871
13752608793
13821861698
13820482441
13502076601
13662163099
13920256041
13820137640
13502146968
13752444946
13502035355
13802052910
15822394161
13512042408
13502063931
13502152599
13682111937
13752756620
15900355437
15822358747
13512830833
13820660765
13920241313
13662049994
13682057202
13512885108
13512287145
13752322825
13802077889
13820555256
13752539817
13502165506
15602087693
13682189404
13820040757
13920114083
13502183539
13702197857
15902205090
13802191062
13516120843
13752401577
13821873737
13652099977
13502059633
13642108175
13920650700
13821612504
13622019342
13752073231
13512453989
13802068316
13821937988
13602058468
13752253857
13920350158
13752376597
15902236947
13920086391
13821718708
13920319387
13752253180
13752565982
13502189222
13662001973
13512947622
13920602092
13820796974
15822547692
13920806255
13502012007
13820578343
13512432753
13502169640
13920787666
13820576639
13516153167
13602081601
13516211589
13662079908
13702174912
13820494144
13512015147
13902014171
13662078288
13512001939
13612013888
13820462602
13820301372
13802177518
13682179544
13612153216
13820785942
13502097526
13752126538
13752107455
13802022010
15822251344
13821961382
13512409242
13820283937
13820888644
13920839772
13820191123
13821350989
13820589340
13622033674
13752670595
13512844374
13502129690
13820534938
13821607415
13662055658
13821628833
13821981639
15922161618
13752351909
13902020792
13920117818
13920338677
13920560931
13920823788
13920888160
13920244226
13821655333
13642099136
13820832450
13820089506
13622102050
13920429904
13802001367
13752492523
13502035598
13902099944
13820967912
13821917276
15522359036
13920713110
13752333825
13821907280
13821005339
13602113290
13602136956
13502056276
13622046049
13821134786
13902100543
13820146365
13752112706
15822336468
15822480596
13752321275
13821215681
13920790059
15822333347
13920290247
13512276869
15522574199
13672124615
13920807501
13752307620
13820172233
15620009270
13902075823
13642165794
13702184566
13682144657
13622033314
15822424425
13920904142
13612095988
13902159688
13820265000
15822012386
13803073917
13821049000
13920514074
13652028610
13602023347
13820689880
13821040228
13920719810
13502056297
13802137700
13672126628
13662178869
13752165052
13602015015
13512288697
13920043102
13752610809
15902296616
13820114335
13920156339
13612139448
13752599982
13622188282
13820603722
13820252988
13502037802
13820782846
13920980279
13512024777
13662059629
13820808377
13920423842
13752596078
13752095538
13821169669
13652136961
13820417143
13820786121
13512006979
13602065273
13821037888
13820073099
13820795689
13821427389
13902162761
13512219749
13512842084
13820387551
13920326632
13512829622
13652109024
13512207973
15900266662
13622118360
13622156825
13820721837
13612121457
13802065166
13820388958
13512061970
13920959588
13662131828
13602175112
13512800269
13821642338
13702112907
13821372559
13821074978
13516130652
13652081229
13502194569
13820081159
13662061519
13502199958
13920957949
15822174096
13920169990
13920506666
13821923332
13752448092
13902055305
13820647286
15822702828
13752460815
13512037359
13502051628
13821569280
13902057677
13512083288
13512470455
13821476077
13821326195
13920282838
13512429850
13920459808
13820207840
13642052668
13512867160
13502179070
13920744378
13820314334
13820551288
13512894574
13702076270
13802172060
13702125385
13803031166
13820294306
13920822520
13602084618
13820663377
13512460291
15822072085
13752489383
15822055907
13622002723
13820183157
13502061216
13502178474
13512956989
13752002023
13820638785
15620156561
15522412281
13920885105
13821328896
13920091539
13612186165
13502186571
13820382920
15902259866
13820678164
15902280337
15802228207
13622087219
13516297930
13682009659
13512239287
13920243082
13820987786
13920172626
13502142397
13612120316
13512955887
13512407299
13652188889
13902192581
13920067865
13512862842
13820258835
13622101009
13672105698
15802258553
13642132580
15822892805
13662023502
13821461119
13821261883
13702075086
13802137339
15712296607
15822509273
15822748643
15822692128
13512255602
13512235543
13502174583
15922144744
13752777729
13920480473
13821998669
13602022232
13920436423
13820613872
13752307063
13920573433
13752297383
13902071571
15822141461
15900354947
15900274012
13821816767
13752027167
13602020809
13502190123
13920012995
13820407820
13820132202
13920464893
13920377766
13752457360
13752007848
13702109199
15822763313
13920351101
13920089076
13821871805
13902148658
13602002065
13820891549
13920050085
13820858892
13821034951
13752795837
13820614958
13821981528
15900330713
13512265073
13502011425
13672072984
13502121633
13902061489
13752675335
13642135289
13820263650
13820292333
13602020290
13902015516
13752353725
13820921671
13512815693
13622049462
15822728392
15293086142
15902257777
13702046016
13642052414
13902021076
13920878906
13602018022
15822181166
13920593566
13752258952
13902133501
13821616587
13820583954
13516188906
13802135266
13612107941
15822242737
13820938787
13920096218
13820782533
13752437075
13820879199
13821972555
13702011125
13820778707
15822774248
13821620988
13622105095
13820743381
13502129739
13752421415
13602140597
13821106518
15822224696
13902091952
13920101730
13502014251
15922050916
13920353670
13820012291
13821727191
13821090607
13502065763
13920940096
13920010511
13502167328
13702050729
13662158220
13902029983
13682081286
13516236466
13512484941
13752466184
13820586168
13820995590
13820378796
15822939720
13820880072
15822803330
13920214285
13803048693
15822503193
13920432336
13820140532
13920221283
13612084182
13803030015
13821001978
13652121636
13802118186
13622131651
13502151470
13502040434
13752724441
13502016136
13920221682
13682047553
13820016629
13802155066
15620214916
13512842416
13820488725
13752689191
13920170296
13821468928
15822069648
15922009051
15900233460
13820778731
15822093350
13502027168
13602088419
13820468868
13820752747
13512284145
13652088985
13821100808
13820035340
13652063573
13820713478
13820268673
13512931246
13820177976
13752182926
13512251034
13502064007
13612123474
13512002777
13920466376
13612036002
13612064302
13820110313
13820385635
13702028075
13902045005
13920725568
15712296523
13682123688
13902000096
13821205341
13512432325
13516277178
13820871645
13502102841
13920055388
13682136178
13752118644
13516199988
13662191552
13502102899
13642190080
13502035259
13920130553
13920231353
13920385660
13920176633
13821861878
13821329017
13820296030
13821758977
15822934898
13820888152
13512026878
13902168963
13820582115
13682092892
13820990100
13920824711
13622104281
13622027932
13821851713
13820200008
13502078817
13820991127
13622094405
13512943420
13702062488
13652119792
13512070435
13502126278
13920662828
13512299180
13682126390
13512050089
13502194046
13682074361
13821377866
13920846142
13512024043
13612088624
15900300138
13642047003
13516104188
13502193230
13821237375
15522162959
13672117299
13902089436
13820305796
13820466711
13820134065
13820036000
13612171169
15822374840
13821182964
13821458021
13920348444
13512269615
13502000005
13512237498
13920038352
13820456621
13902085827
13602058945
15822769176
13820941777
13752186516
13820533707
13820099152
13820589828
13672131888
13920010418
13820367512
15822799166
13682150036
15522365106
13820681018
13502191885
13512985505
13820931543
13920756668
13920770577
13752135868
13802113448
13821398899
13752116907
13512990080
13821055330
13902090627
13803000462
15802240018
13820307296
13920117789
13820909616
13502166767
13820926393
13512919798
13902199699
13662126002
13820076651
13516237890
13502002399
13920714363
13702083659
13902098662
13820662343
13920507797
13502093760
13652106833
13803019386
13902083526
13902064159
13821001259
13752282015
13821014599
13752009019
13512085688
13902053227
13662050391
13612089319
13821058058
13820079989
13820290562
13820180208
13752091958
13502162730
13902060066
13652000562
13820248168
15822333969
13803075091
13820763981
13752317006
13820476061
13821786282
15822101194
13516222581
13920585055
13516193094
13752505375
13820208867
13820177106
13502160140
13920521096
15902237429
13803004566
13821718502
13920839123
13752561226
13920984202
13512997620
13752756630
13920485631
13820130813
13802145078
13752181361
13821748552
13920802202
13502023957
13802041811
15822135394
13920753740
13920202020
13512208968
13820609896
13820687828
13752057459
13512408707
13682115218
13512093982
15822802571
13821773583
13512036089
13821075356
13902104837
13512989124
13920400575
13820099453
13516272912
13612188336
13502065459
15822457046
13602059879
13702110111
13902075294
13502060270
13920409890
13820490212
13502189226
13652174107
13752338719
13803067125
13820014472
15922280848
15922246688
13502033303
13821925591
13821293456
13682192109
13820038800
13752070130
15822704775
13672190988
13802015967
13820588922
13821650868
13920936651
15822659577
13512497768
13602050965
15710210042
13512058245
13752367672
13920046496
13920586085
13920873598
13820885242
13662103251
13662119223
13622161619
13516163377
15922245208
13502104165
13820641351
13920378148
13702056838
13920263759
13802181688
13642026146
13512402593
13752532302
13920324079
13602144888
13502120386
13820301088
15902223158
13512058559
13902041010
13752252386
13512889503
13512075267
15822187428
13752025610
13516254026
13502064206
13920809797
13820113998
13920808179
13652195646
13820172901
13502002392
13820015050
15620467889
13512276906
13512409991
13820886285
13920472052
13752038322
13821022592
13502009460
13820731377
13752307806
13902109926
13902004001
13502192209
13820385810
13662116643
13821307372
13821669267
13512899194
13920391570
13920607458
13512818538
13920570922
13512086691
13512215211
13920195487
13502135510
13821000575
13820452432
13502156132
13902078596
15822082335
15822619880
13920777750
13821587719
13672018724
13752599837
13682115776
13902052360
13821031602
13802081042
15822254227
13516273321
13820517438
13820753242
13642042724
13920205884
13652172744
13820656957
13920853977
13820330303
13612065320
13602044581
13821629986
13820973570
13752015109
13920938016
13820299069
13820801149
13512088334
15900368489
13920586292
13662070669
13821162940
13802134790
13512420780
13802077343
13821111515
15922029996
13821088669
13820912658
13682053474
15902276761
13902174172
13502064158
13920696259
13821712913
13821636720
13821212008
13662002043
15922157469
15822129119
13920240202
13752022947
13516225236
13821228346
15822255870
13820609465
13821222711
13821673777
15900274610
13820980735
13602117225
13820694929
13821077058
13622102826
13502189910
13512864555
13682199781
13902058878
13902008562
13502140431
13821919767
13821487396
13920962126
13602023008
13672123932
13802127500
15802271839
13652033343
13802187440
13820736985
13752359378
15900314577
15802282000
13502168649
13820253368
13752672553
13920743710
13902113328
15822242708
13752061026
13512410570
15822811937
13920185358
13752488974
13752718123
13502136831
13803059591
13802169479
13920259991
13512972576
13820286271
13920119389
13803054111
13512271663
13902077852
13820886719
13502000616
13821155618
13902051107
13920602826
13682066300
13820581805
13512811259
13821661589
15902205137
13920563779
13602166760
13820472275
15902260186
13821680618
13502156397
13902098785
13622095663
15922156606
13902069226
13662156694
15822750420
13920284369
13820236374
13702019203
13622121700
13821329768
13516147252
13920732387
13642048371
13682039695
13802190800
13502190738
13920952199
13820606596
13512451642
13821494498
13920586075
13662199281
13920314126
13702046501
13820719668
15922111191
13821216151
13821403028
13622093315
13920504454
13516195112
13512401275
13502186811
15822271566
13516137862
13803098597
13752281343
13502053354
13920138678
13602000868
13622120365
15922222201
13821545559
13821492896
15822918539
13821611786
13512915425
13622006066
13602112561
13920603433
13820951999
13512257854
13821342828
13920809112
13702130611
13502102181
13902197449
13820870989
13612128650
13502020165
13622039067
13820205900
13752248197
13752571118
13502141376
13920981668
13902142920
13612138176
13920776365
13820270805
13662013351
13512806223
13920553418
13820976510
13820974329
13512911489
13820908058
13512288390
13820587648
13612159757
13820105199
13652160018
13502152297
13752509055
13516253316
13752444732
13920610633
13502021970
13802115621
13821500956
13820047711
13820332933
13820016950
13512933677
13821177570
15922043235
13820062695
13512240952
13920758225
13512066366
13642141657
13622109393
13512407316
13502133946
13602156317
13512402692
13662175661
13821836097
13512000033
13502118827
13920177215
15900361931
13821087732
13920079577
15900237845
13752456672
13920234909
13803059080
15822836968
13512066004
13820681896
13752413449
13512088220
13820754033
13642037441
13920665554
13820365361
15822221163
13821910985
13820885310
13512404353
13821782532
13821684533
13642050877
15822349639
13920043524
13920863483
13612026466
13752168857
13820875980
13512099740
13662185992
13622179446
13920668656
13512232029
13752411244
13920290659
13512223072
13820456727
15822307597
13920500133
13902126287
15822308003
15900323885
15922170703
13902042518
13752458228
13602101920
15802264134
13642173434
13652156825
15922290778
13920517087
13821969540
13752665667
13512440594
13802039355
13652196754
13682099222
13502084080
13821552624
13502057556
13821496939
13820594408
13662191777
13820339329
13920022597
13612026941
13821703871
13920093009
13821731236
13502035901
13502043266
15922226711
13902043736
13821203216
13820214167
13602137969
13821365574
13752623247
13821867157
13516158557
13512297257
15802231616
13512859033
13602169573
13821483138
15822958953
13821567808
13752443633
15922108280
13662135420
13662137160
13821278103
13820126278
13652069855
15822799715
13821292718
13820804490
13662120703
13820095981
13820177737
13502028611
15902257840
13752174574
13920273471
13622008977
13512410498
13702120019
13512818928
15822183465
13920584485
13502066570
13920474578
13752588454
13920413871
13502130700
13920837081
13920511699
13502184075
13820310513
13821561073
13702166455
15822450129
13821589802
13920513968
13502124978
13752058869
13752541250
13821637184
13920842931
13512272720
13702157906
13820235598
13821793519
13821478777
13502158837
13920420232
13752152703
13821077751
13821684265
13920037380
13820255441
13920377362
13682152979
13752509282
13502161825
13920503807
13920275397
13821756177
13682120921
13512839020
13512295648
13512952499
13802162975
13612142725
13752505113
13752288788
13516259094
13821818086
13920425222
13821073872
13902013880
13820733587
13920125581
13920818373
13821576698
13821122299
13752319584
13752687187
13652125131
13920518081
13820687683
13820684600
13821382809
13820682238
15822684114
13602085067
13752455980
13920068318
13682132615
13820620391
13902047066
15922034249
13920768460
13902059088
13821365656
13642041056
13920341877
13662168699
13821356697
13820826166
13802130779
13516191700
13702026978
15822823631
13702077040
13820303218
13752458375
13820085351
13612130204
13622034102
13820489698
13516222082
13516136627
13902066021
15822826097
13652174438
13502146680
13820205945
13820131435
13920712840
13902069689
13752090185
13821543335
13902054040
13803000015
13652060810
13820379291
13920485106
13821083059
13821742967
13920245827
15822161697
13602087475
13752253023
13702043657
13702113599
13502072268
13821973377
13682104997
13920897877
13672004779
13672007895
13920112304
13820429556
13802030234
15822800681
13672045346
13512809917
13820555278
13821277001
13821068447
13502190376
13752027379
13512819305
13752542424
13820183432
13752667286
13642130895
13920914498
13820482398
13612028657
13902058666
13512891172
13752071764
13920731012
13502006618
13920099619
13820125139
13612000076
13820312138
15522369108
13512079531
13820112868
13512888084
13512081727
13512406534
13821638884
13752091598
13502022812
15900291321
13920167806
13512289154
13702160103
13920369430
13920247267
13752130175
13802132018
15822998982
13920746576
13821055256
15822866340
13642045953
15522642567
15710280581
13752313123
13752177378
15822255718
13502131881
13602105644
13502149946
13821170696
13920804318
13821579568
13512430249
13752555871
13612103562
13512262570
13512063350
13821713300
13920446634
13821576128
13820153826
13902129752
13802037903
13920924146
13502199600
13502118213
13820126468
13622175795
13622116320
13820200593
13642103889
13820182415
13920684388
13802049471
13821342464
13702112558
13702150782
13512069636
13803019915
15712219162
15822466661
13752227395
13820413661
13752700410
13752024306
13920610509
13662000999
13622003703
13821612012
13802006307
13902075033
15822338784
13612147672
13752132856
13821115678
13752467933
13920749887
13820570269
13820625956
13516112855
13502158723
13752081198
13622108153
13672106120
13920936229
13512943610
13512895588
13512886332
13820060906
13512995155
13502157351
13821236795
13920855954
13920119275
13512913184
13512418901
13802183453
13602188101
15902243965
13602125900
15922052637
13702169926
13920489116
13920928871
13820965527
13820063340
13920684537
13821069377
15900387633
13502088542
13820844923
13752529998
13682127957
13512055708
13920388486
13512404562
13602182980
13820800298
13642045257
13920856632
15900279943
13821558161
13512096569
13820168451
13682081009
13512480266
13902155816
13902152523
15822718395
13602169540
13702125859
13821470294
13920037500
13502051326
13820726957
13920382927
13902061099
13920675044
13622128336
13512407308
13820356099
13820731250
13662084455
13920084888
13752761687
13516268736
13652175671
13662051690
15900301000
13820360903
13821215416
13752328207
13672180880
13820585582
13602063188
13602051837
13820736191
13920076868
15900309892
13821822665
13752041660
15822742893
13652055580
13820886366
13920275890
13516288960
13920676791
13672162670
13752318065
13512032422
13820315673
13602007375
15900316593
13821835537
15922128377
15822226531
13820328381
13920916748
13820687185
13820857751
13920268632
13752125392
13920673337
13802135215
13642034223
13920464730
13803025686
13652151838
13820257557
13752178146
13602113454
15802288241
13820177721
13512239140
15522309291
13820317178
15822698496
13821610011
13516208906
13820754515
13702025815
15922055051
13602111898
13702128677
13512827718
13821316635
13920139979
13902036740
13516189554
13752473815
13622197040
13516117647
13802129653
13821688198
13920537579
15902263816
13820425106
13820987912
13512908851
13512243464
13752624325
13502121494
13502002980
13920834896
13820861688
13821635206
15620301213
13820228477
13752087776
15822364758
13821957836
13512416853
13920215248
13512200208
13672126214
15822275207
13662120240
13820261616
13821718239
13820901855
13502133336
13516201356
15822378323
13802195986
13802090045
13820519418
13702167374
13682198604
13652150688
13622092438
13802062233
13920872674
13821211356
13602017721
13752067812
13662138145
13920616192
13821871581
15902254947
13821144444
13820257815
13602081558
13920944735
13612155181
13502009728
13502189888
13920478093
13820136730
15900284718
13920819989
13820575381
13502051906
13642080000
15900226961
15822040309
13512982258
13602186169
13820493257
13820670880
13821812275
13602071919
13752754375
13920545120
13502166249
13920909707
13920307911
13820129725
13652058550
13821946508
13920822627
15802248238
13821253225
13752310371
13821260984
13820768058
13920423803
13820765368
13821651915
13820652222
13502130639
13820600461
13602136018
13602183839
13821835337
13512092950
13920410513
13821402930
15822889272
13622115038
13516182890
15900266260
13752265637
13502111276
13752248036
13752518527
13820380483
13802013555
13752433234
13622042331
13821640681
13702031006
13512984071
13902020873
13902158452
13902141636
13920447865
13821261793
13752248662
13820980614
13752743436
13821452162
13602001496
15822283331
13512253794
13920363753
13820125904
13920479573
13902151889
13920853806
13821563679
13502164062
13512290129
13920621229
13820370269
13512936490
13512921818
13803021491
13802171209
13652164177
13820563823
13820526454
13820485205
13821611384
13682072002
15822129026
13502116900
13920684536
13622088683
13502116694
13642056065
13821850763
13920133185
15900360811
13820999468
13512215818
13752063399
13820140628
13502135843
13803048128
13820363463
13752457815
13820189208
13512063758
13820581283
13752073073
13512252197
13820518997
15802223516
13821038666
13516269586
13502195211
13752063450
15922162872
13820480553
13821885046
13920228352
13512072521
13820524936
13752419047
13502178452
13820049808
13752421074
15822459425
13820382234
13920825323
13821428393
13752675261
13752379820
13920727317
13920797060
13652081683
13920026155
13821463182
13662149500
13752787564
13622132802
15922048085
13752262198
13920466618
15902220785
15922243606
15802244404
13752120256
13821612409
13902022777
13702030567
13672199117
13821912792
13802193211
15822835550
13920806681
13702174485
13820358426
15900291229
13512930331
13920955923
13662085035
15620044586
13820712503
13821211672
13803051375
13602135665
13920576101
13920190760
13752601970
15822221253
15900340716
13820622859
13920055713
13902125915
13512229324
15822808202
13902116837
13672007578
13672099965
13920197891
13642041490
13820737817
13920518309
13752195232
13672129659
13516119411
13512255424
13820806943
13502160355
13512469640
13902040440
13802037185
15922092223
13516289979
13802182785
13802038566
13512477152
13821512200
13821428709
13512969551
15822469283
13702018332
13920817108
13821073398
13920218282
13672026056
13820049642
13512495835
13516227674
13602157976
15822284243
13502063419
13602158144
13702053552
15822004336
15902295330
13512246876
13820221187
15900240411
13802098816
13752062503
13512499263
13602149614
13752724199
13512498438
13820707670
13602001339
13821062417
15802265270
13752783911
15822152992
13752331717
13502175126
13802132234
13920333426
13821754993
13702066662
13512821888
13820438592
13920925568
13820729506
13820139032
13820489236
13821869806
13672068607
13820857231
15902201243
13802111627
13502055577
13902048393
13920981530
13512404247
13652027781
13920409697
13802188117
13752546068
13821361958
13821172995
13602167605
13820298462
13920208139
13652028019
13662130958
13821089445
13802102047
13821670859
13512053269
13920717672
13752611639
13612119898
13502157345
13821181783
13821604211
13502095283
13612091702
13821242006
13821217490
13512034207
15822742411
13920867135
13502028322
13516102769
13672182174
15900250563
13512986128
13803047421
13502092041
15822620284
15900305483
13920466516
13502141639
13502194725
13512828650
13512489401
13512822780
13821792448
13821599296
13752537619
13602068153
13821441980
13516296783
13662009794
13802184055
13502093897
15922268118
13920208518
13752553213
15822592860
13752099533
13920471376
13821351461
13502168620
13516118402
13820098289
13512217523
13820643933
13662163636
13642034697
13820097953
15620873513
13622049114
13920254887
13920811691
13672137483
13512059133
15822727439
15822045516
13752062356
13920413619
13821609570
13642020556
13820156890
13642119296
15802275754
13920443330
15822858677
13820738348
13920196418
13920885603
13502166296
13920928622
13820260441
13820725752
15922227957
13820500922
13920712020
13920519352
13752456212
13920576562
13820110992
13920291059
13821121888
13512990359
13752447988
13516225545
13920946126
13920446148
13752081291
13652062683
13502019790
13512268366
13602092256
13702040842
13920808224
13820103693
13920350196
13752764782
13602043988
13920230688
13820456082
13512456798
13920754899
13820980788
15822078124
13802159333
13502106866
13752795504
13920081424
13821312330
13820290138
13820987228
13920462838
13642010086
13820575815
13502162809
13821530734
15822773143
13820232786
13602019371
13512244292
13642183327
13920511115
13602050524
13702142637
13752380565
15822836060
13820689877
13512089455
13920421707
13820422222
13920286131
13920363744
13602005686
13920902067
15822389001
13516217900
13752319959
13642180901
13820802240
13702193335
13502066519
13612189571
13920231046
13516155040
15822406569
13516188788
13512495110
13752176300
13512862381
13820081671
13821459219
13502059007
13902042813
13502177354
13602018452
13920618928
13820067890
13920112820
13920607272
13820290163
13821669595
13516280188
13752085397
13820006693
15822480764
13752125657
13602046517
13920420381
13502083036
13612160105
13803048441
13820476392
13752226753
13502104645
13512995557
15522782244
13820585092
13502138185
13752646067
13662025891
13702044730
15922048126
13602130311
13802136785
13622018127
13803082115
15922034525
13662030154
13920455527
13803026375
13642009449
13821842745
13902163405
15822800449
15900392045
13920930934
15902236077
13512415856
13802163899
13512016764
13652030598
13512927899
13920911860
15822681318
13502017930
15522216131
13802092471
13752516716
13920931463
13820307947
13821078995
13920410539
13920091858
13821188782
13920473377
15900364998
15902279604
13920545092
13820547375
13820139295
15902238369
13920133347
13920624262
13752319818
13920811255
13821997939
15822804923
13752545201
13512835958
13820218564
13821113716
13512214691
13920027522
13642067436
13612120976
13920450506
13512285409
15822859025
13516132826
13920405951
13820599466
15902240194
13821038418
13622156369
13752332830
13502072978
13502070382
13820209358
13512859998
13602046648
13920438411
13612089190
13752560726
13662153796
13752582382
13512835464
13642100010
13920046519
13512052188
15822376306
13920399642
13502115802
13821190965
13752230136
13920468941
13821726800
13820049932
15822478050
13820179987
15822742003
13512980866
13662188565
13821184666
13920304256
13652142987
13672178546
13821623456
13920992122
13702059389
15522121363
13516146819
13672033934
13920260973
13702034204
13662116943
15620654786
13602071836
13516278050
13803051680
13920256742
13802129936
13516123515
13802142038
13662064130
13682105198
13820398070
13602018300
13821395279
13502189149
13502038593
15922009598
13502026883
13920698303
15822820623
13702020833
15620675075
13752358170
13821174640
13902136699
13752773117
13820969906
13920510139
13821072904
13702077700
15822082812
13512092361
13821089210
13512214703
13672117182
13752119482
13820480999
13821748131
13920923866
15922003608
13602055746
13920051099
13821203962
13802102100
13902157979
13512940475
15822325396
13642046383
15822664123
13920125428
13820108545
13920790898
13702066999
13622161689
13752498581
13820449888
15522262307
13512845774
13752099516
13920769057
13820465023
13821531025
13602026423
13820381963
15922038757
13920855060
13802032258
15822385933
15922145270
13821112438
13820177089
13920077765
13752754997
13642139001
13752324022
13820502515
13821121431
13512955618
13702138841
15822268122
15822758166
13702028590
13652010406
13821098183
13821677233
13920417266
15822742017
13752227052
13821576030
15902262698
13662099748
13752240205
13516261838
13821057671
15822121188
13920037847
13902029338
13902038021
13821714423
15822770568
13820099556
13920905249
13752680580
13820538350
13512050597
15822247981
13702180860
13502060697
15822876019
13516112575
13502028283
15922228626
13820005428
13512420316
13752029800
13920485000
15822321822
13821175168
13512861883
13612004548
13820300150
13821659874
13802000044
13502132674
13820190089
13672013496
13820506120
13802057529
15822236736
13752224546
13752563141
13920905468
13502009684
15900349004
13902081037
13820585560
15822406956
13820666008
15902279891
13803095777
13652109240
13512051045
13821064422
13820598688
13682144018
13920821719
13920445595
13702151768
13512231973
13502149133
13502058948
13682023088
13920114302
15822304517
13516214225
13502163610
13652100557
13920609370
13512074829
13803088089
15802263079
15822141837
15822193384
13752325530
13602181818
13516127354
13702180593
13752118893
13502085726
13502084376
13502151219
13512280558
13512263127
13652169974
13602095089
13920388508
13752250024
15822799088
15822096280
13612037801
13821105991
13752140191
13920421168
13652079141
13920338866
13820110836
13502069123
13820255580
13820508625
13821156730
13821182924
13682084786
13802131952
13920783333
13642062343
13516197422
13602152176
13602094235
13820172711
13920813718
13672175683
13502078119
13820105402
13612085035
13622079140
13803086318
13602075091
15822686666
13920850918
13920366326
13512423007
13920801455
13920430937
13820200159
13622177295
13820326937
13682026412
13602126379
13821992000
13752507324
13820657676
13502185583
13920001207
15822224383
13820742501
15822888393
13512826677
13920716889
13820945827
15922253845
13920185054
13803054351
13821654351
13920832718
13702180728
13802106565
13502122973
13512858292
13662095971
13821222850
13803006063
13820891966
13622021253
13602096234
13920952053
13920055955
13821770951
13820733816
13672123111
13502000488
15822284566
13702181734
13512225299
13902035563
13920310878
13821079483
13920636888
13821071006
13902083218
13821893723
13920116765
13622059557
15822362821
13821323417
13512233518
13820334125
13920468611
13612012348
13512848135
13802137017
13802125361
13752709390
13802075557
13820758632
13752071058
15900371931
15822300476
13920343321
13821129888
13820982261
13622081396
13902040476
13821055120
13920281703
13602126895
13622009356
15822702710
13821101642
13752379005
13802055530
13502113578
15900273049
13512966489
13803084878
13902196328
13920902899
13920969193
13902093111
13820224666
13920652220
13512061863
15822983700
13820581646
13920765871
13682167735
13821281944
15822458173
13512908046
13821082856
13821335792
13821119623
15900316975
13802158382
13920070585
15922080889
13752253870
13752796333
13642138408
13820744726
13752197974
13752371237
13702082028
13752524634
13622059508
13602137777
13752106244
13820303466
13512492496
13622010731
13803001250
13642052133
13516121711
13512084694
13820408369
13820401009
13821979500
15822177289
15620664955
15922110141
13920745012
13902105738
13622098860
13920467646
13821741111
15822284698
13752375168
13752112922
13502070389
13920221144
15922285328
13820293658
13821006506
13920376803
13820785033
13920670459
13902154273
13820780752
15822610116
13821611120
13820238439
13920498525
13602126883
13920759953
13612116830
13820299785
13612076879
13752103816
13752128696
13682095534
13820369222
13602065638
13512023764
13602050093
13502195035
13612025121
15822364845
13920689821
13512211454
13920411670
13512083442
13682066886
13920662301
13602188088
13820268886
13920402172
13902003123
13920455883
13821443800
13502175768
15922186046
13652044976
13652115727
13920120810
13920807297
13821111265
13920412951
13820720517
13821265893
13502195010
13702029288
13821972371
13802182799
13920532059
13802001122
15822715412
13662071666
13516174387
13803017967
13502101071
15802297653
13622165591
15922100587
13820303951
13820266838
13752379581
13516113836
15822851250
13662185087
13821222857
13512268602
13502054581
13642050593
13802087876
13622018767
13752117988
13662114123
13512401693
13820112971
13512446242
13820199777
13821150192
15822784049
13820950677
13802190327
13820909519
13622062422
13821708221
13920951810
13821689542
13820777965
13622074485
13803061695
13920793963
13821133334
15922026769
13512406460
15922094284
13820118831
13512220805
13920992371
13512877318
13602016566
13820833943
13502162577
15822819815
13642095497
13820489178
13820082839
13802060189
13602123611
13821761659
13702121346
13821079286
13820092538
13512825413
13820060480
13821756535
13502004202
13512806816
13512828591
13652153459
15822604850
13920199999
13820383170
13702174628
13820702336
13920199159
13902130881
13502020622
13920356666
13752797459
13820909038
13902187174
13512068999
13502064563
13820586726
13502120000
13502004572
13902161304
13820361125
13821888824
13821353329
13502194322
13702142571
13802062695
13502103987
13820817601
13516280876
13602042536
13682111321
13920580808
13752039022
13821471039
13672034740
13516234566
13820090911
13512401918
13820141505
13821849815
13682135952
13802110252
13821072666
13672092532
13920079171
13821128900
13752031917
13821070071
13820896779
13803059090
13820548855
15822802940
13803039968
13920410382
13702102221
13920885770
13920108672
13920018722
13642161221
13920510772
13820788026
13752456046
13803050388
13502127296
13821130851
13920238808
13820871881
13920369743
13821215224
13920277749
13802090031
13752427055
13820983633
13802167576
15900296084
13502135340
13516296665
13802084381
13502168657
13920279544
15822927218
13652007234
13752399239
13820317734
15822788143
15802257406
13920549623
13902023596
13920866707
13752342757
13821920194
15822680193
15822639278
15822572989
13512288429
13821704472
13820608982
13752394463
13502028335
13602104360
15922230005
13820985648
13821776588
13702121669
13702162236
13752762675
13702094972
13502090325
13920122802
13821015702
13902096916
13652080505
13821226897
13821490611
13820266045
13920350866
13512496767
13920952233
13820280680
13821747756
13802165892
13612172528
13821082072
15822071849
13512042939
13802118540
13516255168
13622167862
13902086780
13612089735
13920224901
13502148864
13821653488
13702063903
13642124614
13920218200
15822550033
15900248893
13752491991
13502040411
13920785638
15822811070
13821080187
13752724951
13920018788
13902129885
13512915653
13752644352
15922011078
13920006353
13920275649
13820454628
15822038912
15822811718
13602102557
13516168186
13821429148
13642153148
13820601825
13652192389
13512034836
13821556860
13516194327
13821079353
15822062204
15822401423
13902071672
13920026570
13920018204
13902118592
13662132553
13602162697
13920396612
13821842927
13512421204
13920189695
13820180788
15822000202
13502168885
13902131056
13821426961
13802162960
13516166811
13752092710
13802095867
13920424425
13820659682
13512838604
15822912738
13920421234
15522314311
13802018135
13820465451
13920752262
13642148115
13821208432
13820708563
13820424888
13920901099
15822373407
13821084444
13902061234
13820519028
13512077688
13920567676
13902120015
13920590656
13512473214
13820446323
13502089020
15522386689
13820506284
13920820745
13682050018
13821368577
13752702016
15922179502
13920985433
13612174540
15822091589
13512406927
13682185601
13821024435
13920597256
15822752004
15620050213
13920438660
13902136485
15822008126
13820503547
13502082291
15900200777
13920357240
13502021852
13820474933
13821603609
13512039361
13672055287
13512998001
13502143822
13920712793
13802083001
13920568272
13512270347
13821433990
13662195907
13512998712
13821624060
13622028759
13820152557
13512465196
13920040687
13821803787
13821587549
13512997503
13682089298
13502153975
13612106211
13752221527
13512286220
15902291292
13821171668
13820547131
13512996068
13512228321
13821261797
13502008396
13802188397
15802241797
13821287929
13820253518
13820899909
13642014949
13821324982
13920553311
13512057882
13820582623
13802172278
13672003779
13820649792
13920409047
13820151621
13920090092
13702012862
15900267138
13920133323
13820482099
15902281708
13821388710
15602035505
13652048914
13920095558
13512217135
13682062291
15922153915
13702130218
13602163460
13502117377
13920261231
13920825671
13602012496
13920963898
13820188270
13502011085
13752175400
15900261045
13612129967
13516106670
13802015188
13702156402
13820553909
13920818615
13920445432
13512047833
13920873332
13642065152
13821118005
13821365751
13602067757
13752506887
15822340247
13752250845
13512956662
13820109740
13612178561
13820784111
15822550909
15822376292
13502000586
13502026177
13820702785
13802063178
15620667009
13902016157
13752710880
13920647750
13512408648
13920966860
13802052168
15922269237
13803045832
13512036405
13902080518
15822355854
13821098808
13502145785
13821741912
13920065432
13920909126
13821589632
13752304593
13902002535
13820895795
13752407402
13516281108
13920559535
15902244870
13702191747
13820514566
13821934079
13662065774
15620649529
13662134303
13752200103
13820915599
13602081393
13602134608
13502162232
13682067575
13920411382
13920572622
13602152628
13920340836
13652000043
13820768123
13820013553
13512884145
13512803988
13802085835
13602120814
15822525668
13672088415
13752793612
15822413014
13902073210
13820181562
13820318699
13902110201
13602117009
13752318921
13512477283
13612143600
13752174519
13752569128
13820521720
13602116032
13622122338
13512468975
13820327819
13652173964
15522282626
13920982169
13920903039
15822013977
13752501906
13752334591
13502135406
13920363228
13512931108
13820640963
13821639111
13512926503
15922073704
13820587616
13920063391
13803038691
15822575881
13752721938
13602000390
13662069986
13821938227
13820613095
13920008973
13920682685
13516233057
13512047978
13512845434
13920000567
13920860244
13920429983
13821370666
15822141701
15822668678
15802244852
13752414706
13920272958
13920238607
13820127536
13502052181
15822674825
13752750596
13642149670
13820649509
13602001865
13920681967
13820509559
13920826232
13920615436
13502150719
13672138384
15712296659
13662026288
15922001563
13902181070
13516216509
13920254547
13662009877
13602035143
13902119687
13920601008
13752713254
13612028175
13752224899
13512977749
13820647184
13820086030
13820092300
13502105713
13502156349
13820581831
13682057777
13752778588
13920145145
15822645108
13920046179
13802116527
13702125855
13602109716
13512838213
13821562345
13622120653
13920291984
13752256683
13662121468
13512008080
13642099611
13821182559
15922031256
13502021303
13920219255
13662091762
13820404654
13652042852
13820193659
13920481819
13512926943
15922175208
13820010077
13820189266
13821525383
15822233266
13902100898
13821078101
13821362283
13821005698
13821374921
13803061191
15822132826
15522105228
13820533300
13803052827
13920052506
13662017866
15522155860
13752590860
15822846212
13502099156
15620001773
13512209366
13502190508
13652027009
15822875347
13682002369
13512094408
13752676281
13920338713
13920181166
13702088373
15822372091
13512891501
13820134407
13512003998
13622099529
13821778887
13516115635
15900273794
15822440899
13821379952
13920099945
13602000796
13821735036
13752263526
13920337185
13920363801
13920408399
13803022180
13512858350
13820401266
13920004603
13752285020
13820136796
15922002652
13802154436
13622109881
13502116650
13502042193
13820161506
13502168786
15822880620
13920566688
13512247316
13512054439
13752297669
13752418502
15822440911
13662125555
13821571847
15900291697
13612189909
13920915333
13821376866
13820011226
13642116015
13516135891
13821129152
13512096198
13602026306
13920092928
13516267575
15822167748
13602007395
13512982688
13502061795
13820982828
13612034558
13512856898
13820293053
15822433799
13622172690
13920261955
13752443683
13920198506
13652012597
13502060088
15822340039
13512002639
13802025358
13920007785
13516116060
15822524366
15620499309
13752557489
13820683805
13820138820
13821711720
13512211147
13920750688
13752195425
13512407350
13602155299
13612150280
13512225091
13682128179
13752322401
13821104310
13512426583
13820318368
13602050725
13920790909
13821338110
13512406390
13920264610
13820207301
13821436497
13602035952
13672047199
13820569296
13622121885
15900266860
13920721910
13820620338
13821286365
13662064830
15522604289
13821991866
13902095934
13821235352
13820087117
13920196949
13820413043
13821007163
13821133103
13920597739
13920698039
13612178506
13920684980
13920000278
13902167951
13502099215
13512289813
13752691867
13702162778
13920419526
13502003816
13821872885
13902098222
13820812875
13602039868
13516109799
13752047211
13820623348
13920210188
13820766015
13820552243
13752576966
13602041771
13920166208
13920732721
15822082649
13702074105
13920340754
13752774825
13821515879
13512844391
13502053386
13920926713
13512047973
13920027210
13802005875
13652015164
13752251185
13512021671
13662017747
13920505009
13902068305
13502035151
15522276760
13821560944
13702067435
13920179735
15900384675
13820145725
13820591601
13920452999
15922237606
13602118387
13502025685
13662068354
15822661709
13602047307
13920435936
13821092016
13803006852
13502023558
13920805957
13512918556
13512815752
13920293779
13802111555
13920024850
13821981211
13902169051
13821862158
13516158458
13820409254
13502024518
13752009520
13642068240
13920148588
13702007961
13920779033
13820665232
13652099506
13502090769
13920634814
13612154306
15922231588
13802163753
13920588421
13512425611
13642046762
13920518119
13920789455
13642051581
13821143644
15900212388
13612143888
15922046341
13820047920
13803028812
13752076093
13821807190
13802027328
15900289048
13821273256
13902151653
13821977774
13820911557
13502103825
13802154680
13820359298
13820008340
13821486876
13803051861
13820838988
13820803358
13821328985
13820689332
15900216168
13512813267
13920209965
13802078618
13920420942
13512401343
13821247769
13920898771
15522208909
13622192843
13820488248
15822044712
13820921535
13821572832
15822385085
13821001490
13820024666
13512063457
15822408190
13512054812
13512816290
13821289809
13602188608
13602055711
13702096396
13821227185
13642116611
13920820974
13502038363
13821018040
13652028856
15822705028
15822180398
13502172818
13820078651
13920612558
13752435260
13821827950
13512294466
13821354368
13512265856
13602011299
13602056936
15822722728
13702192090
13820207887
13902111306
13821781610
13612107752
13502183708
13920312589
13502013222
13820287777
13821053388
13512204971
13920586481
13512248909
13920238527
13920385665
13820046360
13642027384
13752339704
13512213231
13752333894
13820615342
13502196547
13502111632
13602058498
15822365480
13502081977
13702120721
13622032468
13502119662
13920412993
15922160542
13902150885
15802214291
13752091159
13512896156
13752299923
13820388277
13820317512
15712296522
13502122689
13802054422
13920283498
15822472538
13920807976
13602024029
13602150333
13821984322
15900290282
13920649872
13502125599
13622023447
13820478566
13820286065
13821469620
13820224264
13672014651
13902104737
13752052823
13821463767
13820235208
15922124569
13612035506
13821128398
13920668586
13820365845
13821997114
13752007185
13702074848
13682133198
13920736521
13752088297
13516136111
13512963111
13516117822
13662146341
13752699875
13820970058
13702030144
13602165716
13920149185
15922222263
13803078145
13512459883
13502031049
15822167203
13820654041
13820722231
13820205076
13820803113
13652100663
13821719404
13602129377
13920366948
13682087055
13820817022
13502121500
13920461290
13512830796
13821219211
13802130423
13820134889
13821662052
13920561984
13920775112
13752228792
13820826966
13920655598
15822968099
13702147873
13820111148
13702136536
13803039726
13920126131
13820266788
15802287499
13821152753
13920298660
13820835993
13920261910
13702134958
13512820032
13752180180
13512036754
13802108257
13752277000
13752353123
13821234999
13803079210
13920766667
13920606228
13702065258
13502190461
13502152115
13602018999
13672075988
13702147059
13622143856
13820968668
15822628166
13820967354
13920551860
13920370600
13516150596
13920352403
13820680912
13752487020
13920378966
13752094364
13662094703
15802276868
13920735305
13902113685
13516189395
13752632236
13642039760
13920417427
13820552207
13902012073
13920586448
13752569460
15822552807
13612183749
13612183364
13920001972
13512485401
13821968610
13512018022
13512063841
13512411095
13820853031
13682199701
13821722216
13752102994
13920256525
13752797388
13512818078
13902108992
13920762997
13803021881
13920578280
13502089007
13502096854
15522215688
13821392020
15822553183
13820600818
13920630427
13821958041
13902060116
13920526315
13512442050
13920988886
13820099877
13512207431
13920458286
13612043727
13820188844
13820698923
15900361608
13820863922
13602089106
13820563673
13920757874
13902030025
13802055658
13820253527
13820230389
13682123981
13920381966
13502076530
13821089278
13512253671
15822268531
13920559600
13902074082
13920827250
13612060943
13820791850
13820687882
13821430621
15902221409
13920229198
13820637180
13652080279
13602041891
15922142344
13821120166
13821489878
15822796862
13920063949
13502153932
13820391336
13902151234
13820623495
13902069712
13820361870
13752138711
13602115021
13662094656
13642075428
13820711205
13752228675
13682188122
13802179282
13920811163
15922226771
13512979979
13821437266
13802113789
13902154726
13602117490
15822622928
13802023802
13920658802
13920986608
13662030109
13820909696
15822304297
13820407174
13752029891
13512258425
13820588129
13820439132
13516143300
13802038170
15822714823
13920464883
13820256022
13920498036
13752191431
13802096377
15900345588
13902129826
13820157079
13502175586
13920581807
13920275427
13752252657
13682089605
13821988548
13512464736
13820812128
13512097098
15822999026
13920811012
13752164494
13820387013
13752789885
13821799144
13602123199
13752229041
13682082121
13752478888
13752083932
13682164569
13902058530
13821550221
13502050432
13662116399
13920662628
13920995851
13612017661
13512412514
13920500069
13920581782
13612136089
13752619228
13752073627
13512463850
13820138435
13682132905
13512051540
13612165304
13502099056
13502001077
13902046568
13642007295
13642188378
13512025469
13752656156
13502135766
13602035619
13920922328
13512880985
13820470099
15822079399
13752452759
13612191440
13602063992
13902005171
13516185489
13902110806
13642036799
13820688819
13502066677
13820191656
15822349723
13642002446
15822162569
13920756851
13821669357
13652179733
13512007135
15602116688
13512093139
13920810910
13642008672
13622037565
13502102339
13702142067
15822195875
13602022222
13920775633
13820224677
13752250052
13920091964
13821640511
13920404731
13920501649
13920993572
15822759488
13662126862
15922224805
13920597213
13920264882
13820714956
13802170766
13512461584
13902005558
13512289030
13652036738
13821814084
13502169181
13920109296
13920257955
13920944569
13920223752
13752757065
13622161034
13902115968
13652154383
13902054543
13512067189
13702026898
13902173712
13821201141
13920665659
13602162263
15900260646
13602156395
13502083903
13512009193
13642093310
13752008699
13821504442
13502082639
13502172308
13821395011
13821108062
13920440562
13820722320
13512215305
13512496886
13920602565
13820954211
13516187085
13920117133
13920011126
13512864446
13920066073
13512222597
13821210342
15822197748
13802186653
13820734566
13512405088
13920665882
13516105990
13802132536
13682085509
13820048061
13752450999
13803091111
13662131477
13821921223
13820351385
13662139688
13920895381
13902158500
13920216942
15822133035
13752068533
13821370706
13802055713
13752307246
13821344229
13920603842
13682018971
13652061136
13920187540
13512088686
15822600971
13752108425
13920056543
13682110045
13820637184
13820885168
13702056818
13920455898
13642004011
13821527370
13920129114
13821042264
13821690830
13820660746
13820660932
13622033284
15822111575
13512832735
13622182338
13516291923
13821004447
13752247038
13821333360
13820851580
13820692699
13516125951
13752496707
13920973397
13752505950
13502198301
13821018176
13821266667
13652055246
13642159456
13920736524
13902179308
13512906579
13820730668
13820696146
13920836105
15822292222
13612055730
15902296899
15620692089
13821265213
13512425372
15902206256
13516235881
13702109991
13512275817
13502128078
13820548498
13803084730
13702129051
13821288759
15900226699
13752601887
13920812330
13502103703
13821926720
13662037092
13622097981
13920015060
13602166531
13821088711
13662071355
15822285597
13752595101
13682012425
13802020811
15922286379
13821759634
13820957708
13512433074
13512992815
13702030023
15822347376
13502010205
13752353788
13516123311
13802037055
15822024042
13512071411
13920604728
13820068181
13920007958
13752356360
13820693374
13820220809
13752017727
13502146990
13920789777
13820731235
13702123365
13512404655
13612049970
13512949329
15902200598
13820518913
13642122543
13602068288
13820905777
13512470165
13602136034
15822252777
13920191788
15822989021
13820801438
13820708863
15900321216
13512048666
13502119551
13821713600
13512460103
15822177814
13820662238
15822743257
13820087726
13821159663
13512499369
13702143999
13920413971
15822381641
13821046168
13752753560
15822101895
13752307869
13920274333
13820182566
13802122652
13702076671
13803050695
13820621852
15922059180
13902137637
13602103905
13920497083
13752445077
13752060286
13702157840
13512248687
13820021555
13752017495
13821661497
15922188184
15822830695
13920818346
13821643198
13820484978
13622165800
13502009919
15822286397
13920688982
13622106488
13672193067
13820046245
13802196962
13920982208
15710287911
13821355536
13821458998
15822017540
13920758429
13920088744
13642198461
13902041390
13516260808
13702012057
13920286699
13920996662
13602108861
13820940983
13820057099
13642116170
13702156226
13820587777
13920221866
13821554886
13652130147
15822978290
13622174386
13820026893
13512062393
13803051868
13622048978
13920516266
13920293599
13652063121
13702151224
13672044171
13821293233
13821762661
13752092527
15900220319
13752366516
13821202444
13752326856
13902119797
13512222469
13752000209
13702021072
13902018781
13702138351
13820040659
13612113700
13802174021
13803069777
13820162006
13752120887
13820319044
13802141375
15802278888
13702066310
13821286962
13920965896
15822650656
13821186582
15822470817
13820384819
13512232372
13512095600
15822553757
13920460865
13502118858
13920321700
13502010424
13820188222
15620007916
13920256198
15822288887
13602188834
13702001846
15922218656
13622195117
13820520999
13622115111
15822221044
13512253177
13622105499
13702066513
13820048888
13821599161
13512958632
15922190168
13802138843
13612196708
13920963963
13602080321
13920945356
13612130203
13920289797
13820266690
13821807229
15822359413
13902006696
15522719442
13820313535
13512236540
13820769513
13802068851
13920274717
13512206786
13920139216
13920928450
15922186079
13602022545
13821361266
13920779609
13802146261
13662052662
13752741541
13652148965
13820115555
13652178363
13516204432
13512225914
15922111119
13820895829
13821211125
13920369829
13821376176
15922131089
13820969373
13902172012
13602153827
13902031891
13820814719
13702198101
13662066006
13702068119
13752139517
13820524996
13902153503
13516119118
15822056021
13820739169
13821779349
13752081234
13820267826
13702142998
13920302824
13622075566
15822707037
13642123137
15822352469
13622038498
13820619371
13821719797
13802014406
13920561304
13752357454
13820380575
13920828461
15822142874
13902085301
13502005730
15900201590
13622080623
13920741027
13920447395
13920609778
13752007148
13602007849
13622129676
13516188860
13502031282
13920463592
13820460925
13612192976
13602185594
15822822062
13920848648
13920370498
13820765753
15922280911
13920400154
13920908808
13512416646
13821818549
13512088668
13920421586
13820802239
13821219006
13821268751
13920938265
13820105559
13602026916
13920382630
13821664477
13821894868
15902268423
13702036779
13512001995
13612116270
13820600617
13662098504
13902120964
13920987088
13512429136
13512491902
13821885157
13902003970
13602005809
13512470245
13612180280
13821745370
13902192503
13821788151
13612059109
13502183273
13920201099
13752355428
15822446677
13752275032
13502135698
13902047523
13702095532
13820013464
13821353390
15822784264
13920069377
13902168467
15822941959
13920334973
13752207763
13752308317
13652074467
13512804909
15822461267
13820696932
13752121994
13502024777
13512216556
13821796711
13821996948
13920619899
13512236854
13920258388
13820000023
13920674741
13820725241
13502147388
13821219312
13920963725
13662100006
13802180707
13502107550
13512205550
13820299466
13602099881
13512279726
13752048098
13752502269
13662058438
13820033688
15902254666
13702156651
13752443387
13752313958
13920205883
13702073125
13820197288
13752251978
13502175386
13920165379
13920608528
13502102845
13652079137
13820818805
13920092267
13820961025
13920108599
13752037963
13820556451
13512410883
13516154320
13622092115
13752279190
13820159661
13752091920
15822529630
13920219037
13752555333
13821211015
13642120565
15822722458
13920916925
13821774831
13920710843
13516218551
13512902977
13920206056
13642043295
15822836125
13516130846
13820097552
13920256599
13820225401
13512223539
13920991272
13612192957
13512227790
15822311322
13820386970
13920610819
15900391087
13820290989
13820152654
13642123877
13512050488
13502005541
13920450035
13502028726
13821840018
13820667769
13512043907
13902155420
15922228309
13902017773
13752694021
15822371339
13512230624
13920896398
13642086383
13820199526
13920467553
13820544621
13642130811
13752231089
13502128408
13820295979
13752667610
13820087885
15922001307
15822539581
13820560176
13902058584
13702091118
13512481450
13920310680
13512090928
13821471282
13752024184
13820481659
13672073796
13920969242
15822253208
13820483500
13502072229
13821228591
13820574246
13820061902
13622032536
13803044477
13920839213
15902206551
13502104970
13702045152
13752663994
13820456792
15900274864
13642074861
13502124607
13920053760
13902157102
13920838052
13516163820
13820876170
13502096468
15620860529
13821915029
13820860693
13502167939
13512049683
13512252563
13612157265
13602047770
15822031553
13802179668
13821353300
15902232953
13820554928
13752000796
15522499160
13802027086
13512818000
13821039740
15922074779
15922156123
13502130882
13920712664
15922232530
13622001591
13682144879
13602023323
13512000569
13752273654
13682153850
13752311150
13820554422
13820252690
13502043840
13512938360
13820025678
13820079737
15522220820
13502133122
13820640677
15900331532
13512096550
13672033129
13512033619
15822775559
13642102961
13820850422
13920348555
13512828500
13820701461
13920939031
13821829777
13502065900
13820862579
13752489015
13820788082
13752012657
13622039107
13516236900
13516178476
13502180206
15922143769
13802034606
13652125065
13502126610
13702166602
13652069926
13820135173
15922147292
13920320491
13821401848
13820385175
13821350945
13920870797
13612157372
13502124140
13920577721
13642008298
13752260606
13821159913
13920358361
13752500314
13820875571
13512860094
13820485633
15822368481
13821955588
13612195869
13502138818
13920556937
13512495892
13920721078
13920244090
15822408421
13502096238
13662042582
13920113175
13902006718
13820315762
13920847096
13920042243
13752108712
13820120565
13612052066
13820501900
15922217306
13502173855
13920982333
13642053079
13821711594
13502156940
13920651195
13512014864
13902187750
13920410801
15822678410
13612136090
13902127066
13920086139
13512483676
15822168425
13820559508
15900307808
13820487772
13821032102
15922085256
13512404152
13512931590
13902093954
13502121866
13512407854
15902210293
13902136542
13602115518
13512839112
13512037888
13920197101
13652013787
13752211461
13652118950
13752158868
13920750305
13612119211
13502179018
13820110896
13920528065
13752264958
13752597022
13920363219
13702041788
13820545478
13702199362
13752266778
13512447088
15522741749
13820618381
13920382992
13920689918
13821300420
13920000177
13512827840
13820256243
13820303900
13821822558
13920859685
13642119966
13920153634
13502024812
13803088306
13820638847
13820769656
13752263877
13752739569
13820459776
13820174449
13702068821
13512441069
15822488778
13512086195
15822689582
13821499976
15802228367
15822882978
15900396832
15900228321
13642079978
13821810117
13920310568
13820419158
13920226318
13820389989
13821377358
13920623909
13821469896
15922161804
13642032784
13512940225
13602000850
13820666629
13920336059
13820565729
15822553992
13820222898
13821220080
13821536016
13702196862
13602183809
13662124655
13902149309
13512008410
13622098468
15822971148
13920660010
13902026076
13512054612
13820069455
13820037995
13752756851
13642196401
13682088055
13803023935
15822818786
13920832394
13821326579
13752740066
13902167281
13902087742
13516129111
13602088306
13902000939
13512049985
13820028860
13612160639
13672129437
13821298762
13920959108
13642044945
13802169851
13820265364
13821197087
13752253813
13821597871
13821182366
13920233853
13920190912
13502043334
13802091833
13821709909
13502042326
13512047483
13752692421
13752406888
13652104945
13662013673
13820669626
15902219313
13602123999
13902115836
15900337277
13920797872
13820449426
13902004781
13920605657
13752134943
13902079043
13920696710
13802068219
13512021850
13821594439
13802194102
13820089235
13920466891
13820320760
13512975491
13902037918
13920528885
13602136811
15822704001
15802232664
13512209967
13512499925
13820285631
13702185131
13821568925
13803058758
13612095695
15802268125
13702095482
13512954381
13502014144
13662054192
13920820518
13512962386
13516240485
13502009259
13752406781
13516158166
13920413631
13512886626
13752655985
13802068361
13612040478
13512859995
13512091540
13502128986
13652073239
13820692866
15900337952
15922291111
13702085794
13802029293
13920346219
13821999930
13820160601
13820183635
13920502986
13920194015
13642015741
13920379633
13820992833
13512486382
13502133553
13752195746
13622008008
13820580234
15902290472
15822663114
13622198805
13920681548
13821262274
13652040562
13602198870
13820375907
13672014925
13702178262
15902281587
13920083318
15822743907
15922001329
13820048288
13920817192
13902016166
13516246954
13920665328
13752694556
13672014758
13920808860
13612085475
15902235923
13920230928
13502092618
13902158569
13820118828
13920627718
15822789051
13820223088
13920925962
13502172645
13902130405
13820391369
13682085009
13821692883
13512907282
15822125822
13920837353
13512423034
13920656660
13802058160
13820105765
13512001848
13820728991
13502195601
13502142863
13512468619
13820223869
13612150140
13512917091
13602088645
13512492467
13802092025
13920371267
13802060895
13752444077
13602150138
13702185497
13920555336
13821028858
13902058619
13662011744
13820444635
13920531689
15922229340
13820860188
13752000120
13920660913
13821574733
13920928402
13902168228
13512047880
13602042085
13920677738
