13411900868
13411905090
13411911338
13411911996
13411920845
13411923916
13411924739
13411928373
13411929382
13411932191
13411939938
13411940766
13411940775
13411945573
13411958877
13411962089
13411962722
13411972157
13411974373
13411978432
13411983251
13411989379
13411996455
13413401233
13413401660
13413405850
13413405852
13413408209
13413411888
13413413977
13413414250
13413414564
13413414568
13413415933
13413416191
13413416285
13413417733
13413422562
13413425312
13413433355
13413440062
13413440237
13413443635
13413445066
13413446866
13413446882
13413449292
13414000643
13414004114
13414009233
13414015345
13414021441
13414022234
13414022328
13414023885
13414050989
13414051744
13414051777
13414056252
13414068212
13414068532
13414072625
13414083489
13414086534
13414091221
13414092333
13414097699
13415009222
13415012261
13415025033
13415034000
13415036336
13415039181
13415053464
13415054966
13415057428
13415058567
13415060520
13415061180
13415061689
13415063005
13415063229
13415064455
13415066134
13415066157
13415066363
13415066678
13415066693
13415066718
13415066767
13415066868
13415068333
13415073623
13415080100
13415080703
13415085563
13415090887
13415093712
13415095538
13415098136
13415100922
13415102006
13415103000
13415103222
13415103339
13415103911
13415104414
13415105800
13415106887
13415106937
13415107072
13415109823
13415109876
13415111161
13415114014
13415126333
13415129983
13415139587
13415144042
13415145451
13415146622
13415148648
13415149010
13415149442
13415150216
13415155977
13415158288
13415159162
13415160729
13415163464
13415164202
13415168200
13415182501
13415192002
13415194877
13415196554
13417000094
13417004333
13417005120
13417005430
13417007478
13417007935
13417025005
13417029315
13417030323
13417031113
13417032125
13417043963
13417046000
13417049351
13417050702
13417052555
13417052667
13417054777
13417057766
13417059322
13417060082
13417060410
13417066805
13417068828
13417074786
13417077479
13417078777
13417080999
13417083883
13417094593
13417094770
13417098573
13417099194
13417100202
13417103780
13417111686
13417112644
13417112687
13417123282
13417129745
13417132752
13417132890
13417135119
13417146674
13417151086
13417151115
13417151545
13417153632
13417154342
13417160392
13417161071
13417161594
13417166786
13417167171
13417167733
13417167788
13417169280
13417171402
13417178984
13417180130
13417180808
13417181068
13417182444
13417182745
13417182808
13417183269
13417183456
13417183833
13417185274
13417197323
13417198111
13417198883
13417198885
13421850666
13421852883
13421859596
13421860688
13421865525
13421879832
13421884633
13421885993
13421891252
13421892388
13421892536
13421893223
13421893610
13421895220
13421897825
13422470708
13422487039
13422490087
13422491167
13422491515
13422492530
13422498400
13425306645
13425307634
13425307899
13425312619
13425318645
13425321901
13425322000
13425329427
13425330560
13425331276
13425338086
13425345580
13425347214
13428317166
13428317555
13428320629
13428321252
13428322450
13428337360
13428343113
13428347490
13433303645
13433303755
13433308568
13433308622
13433309139
13433310016
13433312449
13433318276
13433318726
13433320022
13433320424
13433320882
13433321022
13433321212
13433321617
13433322181
13433322235
13433322551
13433322629
13433322833
13433323128
13433323959
13433324339
13433324353
13433324444
13433324482
13433324609
13433325188
13433326133
13433326222
13433326830
13433326962
13433327292
13433327575
13433328078
13433328245
13433328618
13433328668
13433329608
13433330037
13433330577
13433330588
13433330680
13433330938
13433331603
13433332121
13433334697
13433337820
13433338467
13433340066
13433342220
13433342221
13433344974
13433345458
13433346342
13433346790
13433346843
13433347468
13433348333
13433350597
13433352323
13433352333
13433354677
13433357001
13433357276
13433358180
13433359820
13433361234
13433364525
13433364608
13433364777
13433365806
13433369771
13433370171
13433371177
13433371777
13433372005
13433372166
13433372889
13433373101
13433373155
13433373214
13433373777
13433373786
13433373801
13433373901
13433374003
13433375645
13433376699
13433377525
13433379057
13433379110
13433379855
13433379919
13433380333
13433380712
13433380805
13433381208
13433381329
13433381850
13433382804
13433383834
13433385336
13433386800
13433386939
13433387914
13433388153
13433388199
13433388377
13433388861
13433389089
13433389495
13433392171
13433392923
13433393920
13433394611
13433395208
13433395442
13433800069
13433800509
13433801005
13433801268
13433801328
13433801755
13433802766
13433803155
13433803223
13433806887
13433807508
13433807784
13433808058
13433809779
13433812444
13433813066
13433813503
13433814083
13433814301
13433815115
13433815143
13433815329
13433816063
13433816211
13433819333
13433819609
13433819979
13433838744
13433843346
13433845550
13433859668
13433860621
13433864988
13433867525
13433868866
13433869881
13433870500
13433871777
13433880390
13433881363
13433890646
13433890719
13433895399
13433899993
13502496109
13502710368
13502710957
13502711188
13502711319
13502711479
13502711760
13502712035
13502712343
13502713328
13502713781
13502713988
13502714165
13502714698
13502715055
13502715189
13502715528
13502715593
13502715959
13502715987
13502716598
13502717333
13502717896
13502718007
13502718097
13502718230
13502718350
13502718888
13502718988
13502719349
13502719987
13502720776
13502721022
13502721233
13502721236
13502721637
13502721861
13502722106
13502722127
13502722174
13502722636
13502722855
13502722913
13502723283
13502723733
13502723823
13502724255
13502725005
13502725750
13502726118
13502727227
13502727346
13502727471
13502727531
13502727586
13502727623
13502727627
13502727913
13502728361
13502728389
13502728987
13502729001
13502729297
13502729639
13502729715
13502729797
13502729925
13502741329
13502741996
13502742144
13502742796
13502743170
13502744271
13502744442
13502744551
13502745398
13502745868
13502746103
13502746318
13502746330
13502746389
13502746928
13502747086
13502747100
13502748058
13502748133
13502748699
13502748850
13502749438
13502749516
13502749818
13502749884
13502754578
13502777000
13502949015
13509870707
13509870888
13509871884
13509872833
13509873031
13509873959
13509874002
13509874568
13509875234
13509875729
13509876123
13509876693
13509876837
13509876850
13509877583
13509877788
13509877837
13509877873
13509877916
13509878765
13509878885
13509879219
13509879309
13509886425
13531155911
13531157290
13531159567
13531167737
13531184777
13531192199
13531194269
13531195865
13531198965
13531199857
13531203864
13531206666
13531206989
13531208643
13531210013
13531213294
13531215153
13531216626
13531216770
13531218879
13531219842
13531229509
13531230302
13531240068
13531241144
13531244206
13531245185
13531247055
13531249333
13531249725
13531250398
13531250626
13531250764
13531251129
13531251365
13531251722
13531251777
13531252123
13531252391
13531253060
13531253111
13531253478
13531253598
13531253693
13531253963
13531254473
13531254504
13531254698
13531255148
13531255177
13531255244
13531255419
13531256298
13531258017
13531258352
13531258433
13531258506
13531258688
13531258729
13531258900
13531259779
13531260096
13531261333
13531261950
13531262850
13531265222
13531270633
13531270938
13531271366
13531272280
13531272400
13531272733
13531273077
13531273944
13531273948
13531274186
13531274494
13531274572
13531274873
13531275660
13531276389
13531276488
13531276566
13531277002
13531277070
13531277133
13531277463
13531277569
13531277761
13531277983
13531278093
13531278237
13531278484
13531278902
13531278959
13531278967
13531278990
13531278994
13531279962
13531280177
13531283511
13531283742
13531284333
13531285522
13531285551
13531288650
13531288814
13531288834
13531291323
13531293839
13531294118
13531295379
13531295473
13531296060
13531296381
13531296699
13531296928
13531298070
13531298243
13534906109
13534914542
13536801478
13536802724
13536803512
13536803666
13536806409
13536806793
13536807064
13536807138
13536808044
13536809559
13536810591
13536815855
13536816520
13536820677
13536821100
13536833694
13536843598
13536843909
13536845656
13536849361
13536854444
13536856530
13536856713
13536860054
13536860244
13536861611
13536863115
13536864319
13536864780
13536864785
13536868444
13536875515
13536876789
13536878508
13536879992
13536884847
13536884989
13536885786
13536886786
13536887648
13536888858
13536889108
13536889693
13536890779
13536891898
13536892083
13536893258
13536893519
13536893646
13536893686
13536893798
13536893999
13536894123
13536894726
13536894744
13536895125
13536895368
13536896594
13536896700
13536896883
13536897298
13536897500
13536897779
13536897865
13536898060
13536899109
13536899698
13536899756
13536912919
13536914294
13536918190
13536922655
13536925580
13536925832
13536930052
13536937902
13536939008
13536946252
13539601355
13539602861
13539604017
13539604123
13539604418
13539606543
13539606988
13539611321
13539645646
13539653508
13539666067
13539670184
13539670444
13539676908
13539684535
13539684720
13539685680
13539687882
13539697812
13542804112
13542804929
13542807646
13542808088
13542821978
13542822191
13542828241
13542830382
13542834066
13542889030
13542889788
13542895886
13542899590
13546800338
13546801108
13546802387
13546802763
13546803099
13546804191
13546804456
13546804915
13546805531
13546805599
13546806257
13546806785
13546806999
13546807599
13546807651
13546808508
13546808659
13546808765
13546811880
13546812964
13546816778
13546817819
13546818024
13546820983
13546821333
13546821905
13546821997
13546822247
13546822261
13546822299
13546822537
13546823535
13546823842
13546825398
13546825885
13546825995
13546827038
13546827222
13546827456
13546827813
13546827879
13546828123
13546835109
13546835788
13546838555
13546839220
13546842255
13546842328
13546842543
13546842666
13546843515
13546845353
13546845522
13546846145
13546846995
13546847313
13546847328
13546850194
13546850336
13546851547
13546851631
13546855107
13546856152
13546859207
13546862828
13546870343
13546874168
13546880648
13546882224
13546882247
13546885200
13546887132
13546894345
13546895140
13546898946
13553350848
13553351628
13553352567
13553352604
13553353088
13553353900
13553355185
13553355690
13553355795
13553356045
13553357191
13553357321
13553357440
13553358083
13553358259
13553358877
13553359055
13553359999
13553361339
13553361792
13553363238
13553363455
13553363865
13553365099
13553365256
13553365265
13553365365
13553366025
13553366038
13553366173
13553366220
13553366612
13553367800
13553367986
13553368085
13553368193
13553368732
13553368886
13553370583
13553371190
13553372571
13553375713
13553376849
13553381310
13553382262
13553385580
13553386797
13553387758
13553388244
13553390959
13553391901
13553393028
13553393387
13553394544
13553394883
13553394948
13553395815
13553395851
13553397349
13553398523
13553398533
13553399414
13556302222
13556302915
13556303313
13556306155
13556308063
13556309230
13556309706
13556311116
13556311233
13556311818
13556312490
13556312783
13556312808
13556312873
13556313096
13556313633
13556314258
13556314520
13556314979
13556315676
13556315813
13556316183
13556316193
13556316800
13556317272
13556318399
13556318540
13556318831
13556319166
13556326636
13556329345
13556330651
13556331000
13556333933
13556334999
13556336096
13556337006
13556338818
13556339444
13556340405
13556341580
13556345313
13556345434
13556345528
13556346012
13556346172
13556347987
13556349388
13556350146
13556351000
13556351053
13556351556
13556352438
13556353289
13556353456
13556353915
13556354052
13556355188
13556355304
13556355499
13556355605
13556356293
13556357310
13556357321
13556357567
13556357853
13556358456
13556360447
13556360448
13556360535
13556361202
13556363121
13556364006
13556364125
13556364323
13556364785
13556366191
13556366634
13556366645
13556366667
13556367108
13556367111
13556367198
13556367320
13556367388
13556367719
13556367830
13556367837
13556368076
13556368222
13556368255
13556370060
13556370288
13556370339
13556371181
13556371456
13556372055
13556373778
13556373858
13556373981
13556374788
13556375366
13556376361
13556376567
13556377073
13556377181
13556378373
13556379688
13556382389
13556383282
13556387756
13556388080
13556390157
13556391974
13556392299
13556393425
13556395918
13556397666
13556397994
13556399224
13556400335
13556400686
13556400800
13556401119
13556403313
13556403501
13556403777
13556404201
13556404860
13556404971
13556405150
13556406222
13556408080
13556408240
13556408392
13556409652
13556409662
13556416666
13556420471
13556420979
13556422869
13556423638
13556423861
13556424876
13556427543
13556427582
13556429491
13556434300
13556435590
13556435963
13556436780
13556440220
13556442539
13556448471
13556453423
13556454520
13556456900
13556474166
13556478857
13556481891
13556482069
13556488377
13556490158
13556492003
13556493817
13556499118
13592802738
13592808027
13592810110
13592844974
13592844988
13592848227
13592848768
13592854343
13592860123
13592865929
13592871555
13592875506
13592876822
13592884558
13592885032
13592890666
13592896556
13592898698
13592898834
13600131112
13600131789
13600132036
13600132231
13600132666
13600133007
13600133183
13600133976
13600134553
13600134599
13600134678
13600134817
13600135280
13600135385
13600135558
13600136091
13600137145
13600137478
13600138478
13600138555
13600138588
13600138639
13600138672
13600138959
13600139613
13600139653
13612300616
13612302073
13612304190
13612305223
13612319289
13612321542
13612324505
13612334006
13612344999
13612345963
13612360586
13612362755
13612372117
13612373324
13612373828
13612377342
13612377616
13612378008
13612378938
13612390339
13612393210
13612396455
13612397901
13612398983
13612399886
13612407026
13612411221
13612411387
13623003100
13623022886
13623033378
13623036770
13623042288
13623044480
13623047489
13623050836
13623051442
13623051666
13623058833
13623059888
13623062070
13623063108
13623063804
13623063980
13642201686
13642206542
13642206586
13642207162
13642209772
13642215122
13642218195
13642218213
13642218273
13642223183
13642243021
13642243174
13642245321
13643003773
13643004210
13643004395
13643005012
13643005669
13643006873
13643009111
13643011047
13643012093
13643012195
13643014878
13643018100
13643018360
13643019111
13643019548
13643026667
13643041420
13643042388
13643042521
13643046000
13643055537
13643056440
13643058333
13643058828
13643070064
13643073080
13670301653
13670311678
13670319376
13670335222
13670336914
13670345646
13670349908
13670366900
13670374955
13670392710
13670399199
13670399830
13670403640
13670407056
13670407269
13670415751
13670419966
13670420438
13670422696
13670424235
13670426011
13670433004
13670441398
13670444812
13670447220
13670447374
13670447580
13670461666
13670470011
13670470456
13670472101
13670472472
13670473509
13670489527
13670491494
13670498133
13670499777
13670505987
13670525358
13670530350
13670531318
13670531888
13670533320
13670537657
13670537898
13670538895
13670540848
13676102257
13676104581
13676117774
13676119116
13676119880
13676124212
13676126640
13676128879
13676129854
13676131178
13676146966
13676148870
13682852454
13682852618
13682853464
13682856012
13682856342
13682857822
13682872727
13682876228
13682885494
13682888929
13682898773
13682917100
13682923699
13682929698
13682930833
13682936850
13682939997
13682941144
13682943439
13682944222
13682944492
13682944773
13682944900
13682945388
13682946613
13682946825
13682950333
13682950380
13682950555
13682952804
13682960480
13682965222
13682966650
13682969889
13682974567
13682977091
13682977098
13682994404
13682997899
13692000060
13692000085
13692000115
13692000147
13692003200
13692005991
13692010222
13692010680
13692011283
13692012533
13692012882
13692015977
13692015990
13692016456
13692016894
13692018160
13692018789
13692019030
13692019722
13692019889
13692022822
13692023508
13692023592
13692024321
13692025551
13692025853
13692028833
13692030180
13692030465
13692030554
13692031202
13692032598
13692032733
13692033262
13692033808
13692033955
13692036228
13692036293
13692043358
13692043720
13692047380
13692048555
13692051200
13692053852
13692058155
13692059595
13692063967
13692066536
13692070261
13692072930
13692073214
13692074789
13692079001
13692084445
13692094175
13715852343
13715852678
13715853222
13715855883
13715859377
13715859895
13715860366
13715860491
13715861955
13715862884
13715864231
13715864833
13715865285
13715866162
13715866345
13715867514
13715867955
13715867980
13715868078
13715868519
13715868598
13715869078
13715869223
13715869646
13715869827
13715869890
13715869992
13715872636
13715873241
13715874900
13715875889
13715875924
13715876668
13715876756
13715876845
13715878302
13715878552
13715879086
13715879154
13715879828
13715880543
13715881460
13715884573
13715884997
13715885168
13715888502
13715889981
13715890777
13715891271
13715897401
13715899438
13715899698
13715900875
13715901727
13715902858
13715904751
13715907984
13715908699
13715914678
13715914870
13715915432
13715916228
13715916447
13715917200
13715917201
13715917244
13715917689
13715917890
13715918321
13715918692
13715918928
13715919225
13715919289
13715919550
13715919567
13715919671
13715919778
13715919789
13715919899
13715919969
13715919988
13715920208
13715920286
13715920632
13715921591
13715921897
13715923556
13715924890
13715925987
13715926026
13715926035
13715927199
13715929005
13715929116
13715929777
13715929785
13715930334
13715930644
13715930669
13715931312
13715932052
13715932333
13715933353
13715933377
13715933382
13715933678
13715934520
13715934876
13715935111
13715935631
13715935838
13715935869
13715936396
13715936606
13715936632
13715937615
13715937619
13715938063
13715938678
13715938832
13715942520
13715943142
13715944228
13715944234
13715944911
13715945381
13715945873
13715946200
13715946384
13715946623
13715947189
13715948113
13715948334
13715948341
13715948377
13715948581
13715948633
13715948648
13715952111
13715954115
13715954999
13715955999
13715956777
13715959294
13715959299
13715960086
13715960475
13715960833
13715961234
13715962120
13715963660
13715963799
13715964646
13715965333
13715966289
13715966625
13715967886
13715968536
13715968700
13715968885
13715969303
13715969357
13715969677
13715970333
13715970998
13715971042
13715971088
13715972232
13715974633
13715976315
13715978666
13715978712
13715980320
13715981229
13715982558
13715983885
13715983999
13715984022
13715984088
13715985678
13715985686
13715986418
13715986991
13715987843
13715988354
13715988487
13715988502
13715988625
13715988738
13715989111
13715989350
13715989425
13715989475
13715994229
13715995481
13715995651
13715997123
13715997882
13715999987
13719901726
13719902704
13719908876
13719911227
13719913404
13719913722
13719916740
13719918091
13719919433
13719923154
13719928344
13719937266
13719938296
13719942024
13719942161
13719944459
13719944548
13719948123
13726502371
13726507971
13726518402
13726518911
13726520234
13726522773
13726525695
13726531472
13726534756
13726537877
13726539099
13726540022
13726540282
13726540996
13726542914
13726543204
13726543777
13726544321
13726544559
13726544777
13726544999
13726546588
13726546655
13726548832
13726548892
13727653002
13727657090
13727659547
13727659775
13727663451
13727665131
13727666158
13727666644
13727669288
13727677702
13727678008
13727680803
13727680886
13727682468
13727682678
13727682980
13727683653
13727684555
13727685551
13727685688
13727686330
13727686432
13727686547
13727688510
13727689584
13727691352
13729200111
13729200665
13729201115
13729201555
13729202070
13729204370
13729204388
13729206999
13729215150
13729221138
13729222693
13729224488
13729226492
13729231022
13729231876
13729233141
13729233676
13729234007
13729235045
13729235054
13729235607
13729240195
13729250985
13729250988
13729250999
13729251442
13729252050
13729252178
13729252420
13729252549
13729252858
13729253516
13729254118
13729255345
13729256277
13729256500
13729256777
13729256832
13729257014
13729257657
13729257894
13729258896
13729259072
13729261230
13729261612
13729261908
13729262485
13729262686
13729263688
13729264900
13729264969
13729265016
13729265050
13729265063
13729265533
13729266229
13729266892
13729267070
13729267533
13729267666
13729268288
13729269698
13729271217
13729272329
13729272797
13729273567
13729275099
13729278652
13729279079
13729280577
13729282805
13729283722
13729284020
13729284678
13729285456
13729285554
13729290575
13729290907
13729292284
13729292772
13729292775
13729293555
13729294400
13729295667
13729298189
13750402139
13750405004
13750408306
13750417415
13750419155
13750420321
13750422520
13750424239
13750425544
13750429592
13750434897
13750439888
13750444644
13750447333
13750447918
13750447978
13750450121
13750450583
13750450866
13750451155
13750452225
13750452838
13750453678
13750453779
13750454697
13750455333
13750455543
13750456636
13750459117
13750464899
13750468810
13750471222
13750471342
13750473180
13750473203
13750473550
13750473664
13750476899
13750478103
13750478721
13750479580
13750479777
13750479826
13750479862
13750481150
13750482686
13750482788
13750485040
13750486666
13750488353
13750488999
13750492346
13750494485
13750495266
13750498121
13750499722
13750499911
13790801122
13790808208
13790809658
13790813536
13790814669
13790816099
13790816310
13790821445
13790846310
13790847588
13790847938
13790871177
13790871432
13790871889
13790876555
13790878689
13790879110
13790879577
13790879900
13790879920
13790887295
13790891199
13790898160
13794111520
13794117171
13794117373
13794124290
13794134604
13794142987
13802715167
13809670192
13809670337
13809670679
13809671155
13809671787
13809671872
13809672023
13809672178
13809672756
13809673008
13809673080
13809673326
13809673670
13809674288
13809674819
13809675562
13809676097
13809676550
13809677770
13809677785
13809678170
13809678546
13809678642
13809678865
13809679494
13809679809
13809843195
13809843579
13809848210
13825801787
13825802090
13825805093
13825807120
13825810229
13825811195
13825811289
13825811316
13825812956
13825813851
13825814020
13825814377
13825814488
13825816125
13825818202
13825818622
13825818809
13825819716
13825822296
13825822617
13825822776
13825822878
13825824013
13825825455
13825828007
13825828026
13825828128
13825828548
13825830444
13825830877
13825830878
13825832033
13825833165
13825833334
13825833705
13825833773
13825834012
13825834834
13825835456
13825838346
13825838617
13825839000
13825839555
13825840006
13825840368
13825840806
13825840886
13825841242
13825841289
13825841698
13825842007
13825842375
13825842866
13825844431
13825844769
13825845601
13825848535
13825849499
13825850838
13825850999
13825851030
13825851258
13825853283
13825853630
13825854121
13825854444
13825855318
13825855721
13825855795
13825857020
13825857951
13825858508
13825858622
13825859099
13825859458
13825862211
13825863508
13825863612
13825863868
13825864801
13825865820
13825866158
13825866585
13825866614
13825866720
13825866838
13825868218
13825869123
13825870030
13825870606
13825870999
13825871352
13825874332
13825874885
13825875516
13825877266
13825877368
13825877735
13825877751
13825878525
13825878678
13825878876
13825878910
13825879190
13829405420
13829406915
13829408957
13829409998
13829415123
13829416444
13829421221
13829422163
13829422422
13829422889
13829423388
13829428088
13829428899
13829430268
13829431355
13829431388
13829434550
13829435766
13829437327
13829444830
13829446278
13829447703
13829453821
13829471999
13829549781
13829549990
13829575022
13829576160
13829602555
13829626721
13829628197
13829630101
13829645392
13829670333
13902700020
13902700630
13902700681
13902701178
13902701402
13902704355
13902705576
13902705631
13902709046
13902709152
13902709684
13902709727
13902709731
13902722104
13902773501
13923900017
13923900549
13923900628
13923901925
13923902132
13923902606
13923902806
13923902883
13923902939
13923903002
13923903218
13923903760
13923904977
13923905212
13923905266
13923905428
13923905701
13923906898
13923907913
13923908211
13923908428
13923908527
13923908895
13923910450
13923911168
13923911885
13923912526
13923912558
13923913123
13923915053
13923916218
13923916537
13923916663
13923918220
13923918247
13923919988
13923940072
13923948987
13924755666
13924758310
13924763555
13924770715
13924772838
13924777770
13924777949
13924778502
13924778543
13924778699
13924778811
13924780005
13924780999
13924781213
13924783520
13924786999
13924789555
13924792787
13926757066
13926765206
13926772444
13926775574
13926778677
13926794420
13926799433
13926799456
15013903850
15013906918
15013907202
15013907366
15013911923
15013926881
15013960364
15013963198
15013965288
15013969573
15013969772
15014314355
15014317227
15014319778
15017833896
15017834003
15017835178
15017845055
15017848601
15018351095
15018385432
15018385444
15018388487
15018388997
15018801495
15018818000
15018818035
15018818073
15018818468
15018819307
15018819362
15019702302
15019702899
15019702911
15019702919
15019703543
15019703609
15019741684
15019747181
15019749108
15019763516
15019766868
15019767516
15019767655
15019768211
15099848668
15107541720
15119989565
15815005055
15815008978
15815011220
15815018363
15815035210
15815037622
15815038018
15815042617
15815045856
15815057125
15815058015
15815072668
15815075452
15815075764
15815076300
15815077434
15815078185
15815081550
15815084000
15815085222
15815085315
15815087733
15815088099
15815092613
15815093306
15815094132
15815123568
15815137061
15815138240
15815147445
15815161455
15815164536
15815169827
15815173635
15815184491
15815192942
15815194080
15815196341
15815196972
15815199099
15815200053
15815201110
15815202697
15815203046
15815208200
15815219193
15815230646
15815242474
15815245470
15815249672
15815267120
15815274682
15815290158
15815292363
15815293677
15815294123
15815298652
15815315178
15815316425
15815318083
15815333467
15815333584
15815336926
15816600189
15816601476
15816601853
15816606138
15816632903
15816634777
15816637424
15816638255
15816643904
15816652027
15816721147
15816722002
15816726969
15816727555
15816727990
15816729292
15816737301
15816744100
15816748427
15816756991
15816767381
15816777507
15816782731
15816792129
15817911456
15817914742
15817915237
15817917654
15817917666
15817918678
15817926958
15817929528
15817931924
15817948300
15817949949
15817956773
15817956800
15817966115
15817972701
15817982198
15817987555
15817997831
15875351351
15875358792
15875373734
15875373987
15875374444
15875386299
15875386347
15875431999
15875432679
15875436011
15875438789
15875438798
15875439222
15875449399
15875449509
15875450499
15875450999
15875454754
15875459688
15875466929
15875472310
15875472534
15875489222
15875499529
15876154052
15876154222
15876154516
15876154900
15876156153
15876158923
15876186966
15876187818
15876198287
15889210090
15889223989
15889247189
15889249825
15889252115
15889281174
15913915511
15913938500
15913948595
15913949555
15913955330
15913965776
15913968282
15913970573
15913977364
15913977450
15913977998
15913984555
15913984699
15913988473
15913988673
15913990190
15913990815
15913991160
15913991729
15913996111
15913998648
15914702501
15914710567
15914710679
15914730111
15914730488
15914731234
15914735171
15914735944
15914746788
15914748158
15914751333
15914753999
15914754445
15914754837
15914758042
15914774416
15914777700
15914778766
15914781211
15914782088
15914782262
15914783688
15914783853
15914784841
15914784981
15914787379
15914788003
15914788039
15914793586
15914793633
15914793886
15914794614
15914799510
15914799935
15915502017
15915503672
15915508429
15915508489
15915509511
15915509551
15915509644
15915509669
15915520127
15915526520
15915526756
15915537393
15915542028
15915544025
15915544975
15915545633
15915545681
15915546629
15915555644
15915561368
15915563711
15915565122
15915565236
15915566112
15915579905
15915590086
15915597775
15916600527
15916607401
15916612699
15916613493
15916614298
15916614360
15916614952
15916623284
15916640853
15916643030
15916644665
15916645513
15916663335
15916670503
15916676579
15916677313
15916678333
15916695945
15917911788
15917916668
15917917888
15917918000
15917919005
15917924876
15917927772
15917929633
15918900264
15918901259
15918908308
15918914325
15918936628
15918941387
15918944309
15918948447
15918948477
15918950222
15918959333
15918963645
15918963777
15918972765
15918978338
15918982664
15918991255
15918995222
15918997123
15918997242
15918997299
15918999288
15918999339
15918999627
15918999896
15976906000
15976907310
15976911502
15976921266
15976923097
15976924126
15976924243
15976927583
15976928393
15976928828
15976929404
15989738034
15989739309
15989739898
15989748974
15989815123
15989822889
15989827889
15989829010
15989834362
15992214525
15992217616
15992221138
15992226726
15992227976
15992241278
15992245559
15992247893
15992259307
15992260643
15992263882
15992264333
15992264345
15992265313
15992266890
15992267510
15992268757
15992273777
15992284577
15992288755
15994900553
15994906423
15994909996
15994916400
15994930402
15994938592
15994940803
15994942642
15994943869
15994944601
