13657069843
13979697537
13970692809
13970661642
13687062488
13970641467
13979665190
13697967903
13879697646
13879640012
13979698790
13970692571
13576880293
13979677011
13879640405
13970634488
13970661952
13766271579
13687967791
13576829075
13879660885
13766265625
13879697380
13755406644
18770682162
13687066953
13979697223
15979673497
13607961493
13970625038
13979678199
15979696928
13907067946
15979659242
13766232266
13979666489
13979698631
13755475676
15979662171
13970646625
18879628888
18707069433
18779611309
13698462325
13766214252
13755443066
13970611876
13970611686
18779600511
13694861535
13879666227
13576880988
13707064578
13879666776
13479682327
13979613257
13907067658
13970637723
13979697586
13694861812
13979677125
18770691027
13479681617
13979678228
13479686368
13576636868
13755406418
13979616613
13970634767
13576848249
13576889413
13970611245
13970454800
13879697314
18797862775
13687968038
13879665219
13755406913
13907067947
13677961036
13766272268
15970825825
13979697478
13698461859
13627960976
13627965874
15979610518
13517066895
13766241743
13755405002
13479674035
13979697927
18770864732
13879651759
13576880670
18720643934
13755474234
13479681619
13687963430
13970458072
13766232135
13979698491
13879640376
13766271029
13879640980
13766272617
13766272222
13879665247
13576829331
13979678577
13879664439
13617966570
13697962208
13479668344
18797862797
13766270052
13707969943
13879682865
13479692778
13576635961
13755456556
13879664833
13576889584
13766232303
13979665541
13667900623
13979637930
13879682977
13970678565
13576811739
13879697558
13698462768
13879682359
13766241339
13576634803
13607961830
13617068824
13479641950
15979662619
13698462933
13766265258
13507962181
13970678988
13576634539
13766271090
13879664227
13879620527
13879682699
13576881526
15979611075
13879666425
13576829532
13879682366
13970641845
13766272130
13970646699
13970678828
13879651036
13879620057
13979677042
13576848184
13576847402
13755406961
13879666039
13879620058
13755462067
13970667486
13970641581
18779601205
15979123272
13607961150
13479650149
13576811084
13879651132
13879666466
13970468522
13755437487
13677960490
13576882271
13576864073
13517969797
13755406581
13517066726
13979613888
13698461725
13479658645
13970620554
13766219606
13479682285
13607961423
13979677821
13879666338
13766244820
13907066698
13879666607
13970641608
13879664108
13879616208
13970671028
13970678280
13576823366
13517066691
18797861463
13687962185
13979664335
13576853646
13576889786
13698463998
13687067172
13766299608
13576880677
13970646677
15979611908
13755405725
13766219687
13970468434
13697961364
13576638890
13766214116
15979674619
13576643279
13970646951
13576889850
13576881221
13687064830
13755405557
13970440922
13970646508
13979697288
18779673583
15979625433
13979697681
13970641438
13766265670
13766270996
13687962996
13766270369
13970634687
13576829890
13766265647
13879640294
13879664149
13879633273
13979697123
13479692285
13979697417
15979659329
13766271876
15979610076
13979674931
13576635802
13970463106
13576812831
13698464676
13970458030
13879697757
13667966709
13576812248
18707069649
13979677005
13879666003
13479658222
13970625983
13755493949
13766230164
13697965887
13698460322
13970451005
13970611109
13879651815
13766241825
13970637618
13755406667
13707065971
13979613652
13970641056
13657968468
13970454968
13576826013
13907068318
13979613689
13576847621
13766232128
13766296247
13970625576
13979697949
15979611202
15979662522
13576882738
13970661698
13576847653
13766299969
18707062034
18797860421
13970629260
13970440617
13879633183
13766271587
13979677506
13766265539
13979644297
13970661846
15979673825
13879633133
13979667798
13479608878
13707064682
13576812833
13879666048
13479625510
13979678201
13970611558
13970641668
13979613306
13879633650
13755405651
15979659949
13879682030
13979698626
13687967755
13879697877
13576635714
13907067910
13617965165
13576811460
13970678759
13576638973
13707968018
13576912453
13970634699
13970692905
13766271986
13479614115
13576829195
13907960878
15979610638
13766271021
13970678996
13755462812
15979659913
13979665059
13479651275
13755475235
13507964417
13970692921
13576635738
13576847531
13979698900
13907092102
13879651421
13479641051
13607961287
15979610618
18707069592
13617966205
13576887535
13507962121
13879665980
13766219783
13979665306
13970620602
13707066001
13879665675
13755462711
13907068693
13698463001
13970634697
13617061521
13684852119
13617966681
13970457166
13879666358
13879665692
13879640914
13907060789
13979666896
13979613395
13970641535
13479641801
13507964348
13979678506
13970671140
13970641509
13755406750
13576811357
13684866479
13979697384
18702561398
13970440914
13979678836
13687965645
13970641221
13970637964
13755406118
13879633971
13755462418
18770661217
13576848677
13479622231
13879620991
13979613391
13766271769
13755406879
13979607668
13970661590
15979662261
13617969915
13979607712
13479657743
13979665691
13907965441
13879666538
13766271675
13970454760
13576634533
18779632902
13687965349
13979665020
15979659852
13879666375
13576848556
13766230488
13766232484
13479682790
13766214054
13576631346
13879665869
13755405375
18779601236
13879666996
13907960508
13576812898
13879682795
18770671018
13970611021
13979021709
13479674172
13879666902
13970625856
13755406437
13970666802
13576811945
13576880395
13707065741
13979277846
13979678265
13879665290
13687061934
13979665263
13907960820
13766296416
13907068522
13766271754
13576635950
13766219093
13879682235
15979673311
15979610976
13766272227
18720467321
13879640640
13879682883
13879664584
13766256279
13970638610
13755443026
13879697703
13576880476
13979639864
13979666216
13979697716
13879665126
13970625959
13879665330
13970466737
13970634984
13755405038
15979610386
13979692740
13766270616
13907060698
13707066016
18770651584
13479681960
13576631057
13766244768
13766296213
18707069710
13755462021
13979697362
13755493223
13979698218
13979677785
13576635982
13576811959
13576639886
13879682468
13707066200
13755406473
13979613799
13479643190
13979665948
13607961799
13979639538
13576811007
13970620603
13879649462
13970620580
13970457902
13970451082
13970641054
13879697059
13979639096
13970671338
13807965602
13707068819
18702561283
13879620374
13479634923
13970646488
13879665037
13755443359
13479682642
13479640639
13677966481
15979685220
15979689426
15979611899
13755447677
13970638625
13879651528
13479650998
13576883235
13576823362
13907068264
13684863682
13970646618
13879665816
13479650337
13694868263
13879665308
13576631654
13755459792
13607961578
13970463240
13755443652
13755405985
18779600231
13879620150
13576634664
18779600117
13979613946
13755462381
18770666549
13979652870
13479608953
13807965503
13970450909
13766270804
13607961627
13755438456
18779600282
13879665498
13576634487
13766214183
18770441225
13979639860
13576881777
13667964417
13607961876
13607961110
13970671371
13684865509
13617966132
13970661643
13970661886
13979626386
13879666339
13979691787
13507966787
13517969802
13576847665
13970637505
13766232739
13879682516
18770968768
13755475228
13879666841
13697966315
13979677328
13667964132
13766296170
13970641291
13970646966
18797860662
13970641975
13970678080
18779600624
13766241716
13576830551
13576811869
18707069753
13970454989
18770864033
13507967571
13766271152
13576848903
15979673234
13479686958
18279616883
13879682040
18797861062
13979677425
13677969446
13607967852
18779601543
18770964953
13667965728
13507968183
13517969726
13879638189
13907965181
13879438970
13627961518
13970628890
13517066986
13766214927
13766261629
13479686290
15979673095
13970648185
18770691018
13755462115
13979639432
13677967659
13576631590
18770400703
13879683314
15979659642
13979639368
13970661709
13479651991
13907068057
13979665822
13576811654
13479640609
13766241067
13479650737
13576634838
13576881955
13707064324
13766270791
13607963019
13979662517
13766219971
13576880912
13755443007
13879640677
13970634536
18702561050
13970620806
13766241928
13766270960
13687968250
13755490275
13879666572
13755405165
13755406892
13576829770
13607961260
13879666328
13755475360
13766272650
13576830582
13907960557
13879651283
13970646721
13979665422
13879640996
13970454899
15979610551
13576635752
13879651234
13635914989
15979662685
13879620652
13576829599
18279618623
13766296827
13755443321
13607961212
13755443198
13879682721
13627960963
13979607649
13576847616
18720467811
13576881859
18707069802
13879692315
13879633191
13479674300
13479651752
13879682002
15979673381
13879620196
13979677697
13879665659
13879697396
13617966019
13698461593
13979697745
13479699072
15979662761
13970641883
13970678034
13970646818
13970667407
13970667145
13576881276
13698461046
18770401291
13698462936
13979607630
13507962581
13879665200
13687061519
13755777169
13979652038
18770243321
13766244683
13979698926
13576631698
13576881089
13507960772
15979611537
15979659233
13766232533
13907068354
13879666860
15979611977
13979613681
13970620727
13766265989
13479641706
13667969052
13755462287
13979652086
13879666480
13479650959
15979662401
13677961617
13576880637
13979619795
13627960042
13576829236
13879651124
13979652537
13576812267
15979610965
13766230167
13576812715
13979697153
13617968487
13507962459
13979613041
13576889240
13755462621
13979665202
13766263857
13979697019
13694867352
18707069011
13576812605
13755462782
13907060608
13979697866
13766265084
18779600970
13970641604
13766241901
13617961234
13755443520
13979665796
13879665233
18797861300
13479655205
18702561217
13755406070
13755405394
13979678564
18779962705
13979652909
13576855532
13979678060
13576880831
13576881649
13698463483
13479608807
15979611168
