15116947860
18923108029
13715855777
13600856471
13514069108
13799307995
13552673475
13911867488
18950393366
13859086673
13322713798
15102816187
13384485133

13489098999
15110207133
13635714605
18665361937
13929633368
13915999212
18906909123
15280080928
13717848844
13950675299
18965350896
13805019212
15251690787
13501569691
13805085622
18967375069
13923662255
13110649970
13950492474
13851415566
13805095935
13110905018
18965350896
13400544061
18965350896
15913913009
13520179769
13520399522
13799990443

18965350896
13141474943
13655005260
13829793000
13670673141
13910128828
18960789668
13902516212
13716777728
13078953103
13734904848
13950275502
13859306867
13974643681
15611022244
13621007117
13892306760
13640923040
13306175163
15810042343
13796459988
18611832119
13858711449
13311293565
18688260633
13998546796
13811356611
13381904578
18965350896
13115911485
13655269286
13851480500
13799426387
13910070785
13260885066
13488846229
15088647361
18600053688
15611022755
13959182011
18965350896
13564914164
13621950352
13146981305
13330464214
13929926638

13811199005
13799121370
13693531070
13611172643
13372692162
13358101261
13860008365
13185651111
13799121370
15841163187
13459498426
13823234348
13634137616
13902840877
15131331776
13916629778
13527680278
13116779213
15889704780
15186118335
18688485033
13601050858
13850651319

13599333000
13810245980
13911760612
13670478932
18965350896
15261428077
15838279992
13904084867
13302642404
13917964425
18652073311
13581603423
15099126000
13809701263
13959545350
13950862522
18602507371
13905289030
15651765561
13951867313
13838243715
13860608379
13910104686
13818698708
15951967038
13848259688
13584804757
13501172176
13699145262
13426367182
13860291338
13516669900
15537823888
18965350896
15206059803
13701682359
18669777712
13601025120
15009028781
13695911681
13816150299
13919682668
13360828228
13178222235
13601758796
13959028291
13851972475
13926780687
13509503235
18959035312
18930946848
13426032877
13335329998
13715956622
18611903907
15363390021
13606050808
18650071700
13801825406
15010770142
13916673360
13851674328
13305151786
18930262159
15150547272
13850073375
15088647359
13859343561
13911607353
13801247660
13701034011
13959070449
13801050771
13901148922
13605920001
13801397368
13809030750
15553825777
13509369029
18671929933
13693226601
13858025617
13332206723
13811600809
13501065159
13666822018
18918800081
13977309981
13823386001
13850003048
13239127898
13850994388
13795327335
13858210078
13380208888
13502993233
13916228294
13651882564
13611833531
13623792160
13901021228
13502261131
13929713338
13383932180
13857701383
13815933555
13816108905
13807469101
18916017673
13603431865
13313756068
13817383479
13318220693
15901882417
13078459381
13631561218
13502259532
13829962532
18651902966
13701269531
13751269172
13858000629
18616620237
18928326338
13901637873
13901777802
13636458189
13858000629
13611220762
13935279968
13141335895
13681947133
13761663638
13902366285
13901702045
13911884161
15857782713
13824892566
13813675720
13960602446
13850966988
13701398869
15068169388
13906000596
13501628131
13611064268
18868795089
13959067905
15989692618
13650910643
13987615336
13305910195
13486397750
13901771403
13960663899
13927557887
13157706398
13232042823
13893749551
13902524982
13405959522
13858198707
15080016138
13817764168
13489115276
13974649855
13967712832
13302525336
13632893811
13905745332
13611269543
18960597876
13064708766
13661944200
15080464562
18950373779
13392994799
18647208006
13825336993
13018502688
13683598520
13714196531
15302995490
13601657629
13776653594
13545127549
13075577697
13992056600
13922505890
18239376666
13301855556
15163868668
13509532259
13514069108
15363177466
13566749809
13502269276
13176601766
13828673605
13609563155
18917916666
13905805632
13588802958
13947215550
15372589600
13735467658
13819173323
18905010819
15916376111
18929706060
13588829293
13127650333
13960602446
13960626018
13338396868
13489195530
15859966996
13601254125
18688105410
13926710023
13960602446
18950631611
13528680561
13501775033
13702370192
13680344002
13433020178
13111122008
13381187109
13552690642
15817839380
13828683061
13500075111
13907586031
13910652391
13302522281
13829857669
13809723823
13693518326
13413369863
15078829500
15059657982
13757153500
13991411646
13928008939
13605821536
13829650928
13817353560
13958839961
13823677612
13826077850
13536285352
13605915712
13958159108
13472543097
18665920717
13571803255
13758671330
13041021939
13810660640
13602311110
13902730012
13556607558
13814070362
13355873987
13994877288
13601005787
13321156403
13500079622
13922911836
18023808352
13953836449
13809763736
13728999694
13902913469
13848263977
13400505369
13405912263
13509367996
13771129164
13603876435
13611695385
13816281965
13835190100
13954855013
13336006130
13502634833
13702819780
13681711017
13683333353
13699182149
13316676941
13371896847
15859198268
15895961445
13611878741
13601660773
15941400506
13910003139
18986257968
15389066279
13760488916
13850136129
13910196286
13639851265
13850966988
13318106588
13621731582
13816052956
13681707062
15061066063
13004190009
15988861866
13917924261
13958825265
13811883428
13960625853
13832503187
13022100210
18738869995
13312566899
13901422521
18659089733
13959020851
15018491282
13020220531
13763074371
13621669128
13141099245
13033929555
13855172734
15953830469
18611938181
13041682721
13067856974
13917561892
13611355629
18917858822
13542669166
13920326279
13795863595
13501394605
13395877661
13516770706
13867926504
18965086169
15605773317
13645070177
13626512588
13117888936
13808839223
13506601195
13828281965
18668250875
13967776835
13917333604
13702589078
13150253958
18913386075
18608738277
13974841885
15821916730
15201962586
13844739939
13935293980
13178920923
15396060290
13916279348
18605913383
13720833543
13805085622
13450579698
13601623819
15725750429
18017351562
13556316860
13817411709
13713931933
13082829138
18659292282
13902969219
13305527601
13960707582
13600992039
13607986933
13910938343
18926408193
13588078095
13621943259
13855230888
13810685919
15611038387
13635276534
13417488906
13585085153
13008045513
13636428885
18641155925
13381110232
13607981365
13839406528
13311287217
13729232548
13757171992
13760494730

13707978115
13902477501
13601369130
18902708883
13328852909
13918789370
13592211235
13585686320
13916228980
13611600006
13003672906
13828307307
13601080134
13686855982
13418989743
13608419968
13724200581
15959144623
18927475623
13196560098
13916757018
13530709222
13848259688
13563286100
18964630182
13586392157
13828611882
18664388308
13665081688
13417023589
18913159589
13760272324
13033908023
13333161661
13392213842
13693073001
18965133685
13668222876
18927265838
13626754566
15059085118
13178371635
13459147790
13941256095
13661937733
13661782191
15802166096
13510237118
13735295639
13707887254
13400553730
18927304975
13802513233
13509611135
13161381382
13608412487
15336520257
13480777717
13681674128
13925217118
13918569163
13950391424
13817235806
13570658839
13712361155
18918051817
15322624202
13902743580
13702860828
18221803338
13858864606
13418869300
13510885240
13994406669
13176639091
13935267539
13336112227
13902455720
15935285833
13008879806
13835272019
13902970266
13602628167
18926720526
13062868630
13645885899
13302803281
13543389626
13903526367
13802507120
13929994993
15893628756
13959182958
13910966121
13957816888
18909799256
13706713031
13510188926
13376095363
13701250943
18920221857
13185014296
13603940388
15216391623
13918272037
13185014296
13366839358
13641994568
13736784639
13121060200
13717593563
13817733422
18616501191
15836257697
13041271057
13901026044
13382022680
13823777970
13761548045
13941476668
13950694419
13903947299
15021802066
15859088383
13615873722
13918556398
13702946718
13524906003
13816819890
13564197772
15371002866
13564756282
18668256895
13178170992
13906509384
13911933924
15966106366
13906689242
13958080130
15896765700
13850152178
13033967989
13564701004
18611715711
15816627983
13392139177
13590371351
13501772854
15039902379
13903878121
13926707209
13075622156
15139493756
13806831401
13011882091
13691165296
13480576027

13798251006
13916329958
13301991088
13818062100
15939391099
13282781115
18683311636
13140665766
13213339789
18938037465
13917003280
13587963001
13506999980
18005978339
13850666339
13905270988
13811280311
15968869991
18905758758
15083150505
13526221000
13187108001
13842423000
13857507632
13136336392
13513529891
13661773660
13913886299
13559453623
13713802861
18675428790
13901715977
13480777717
13806808899
18688713377
15889449058
13327801037
13958850068
18930699285
18964351622
13132005968
13110840601
13133129826
13848014707
15890568977
13817928465
13592885025
15019269825
13816558777
18910532511
13757760935
13366302475
15210109798
13501134479
15800388136
15999684977
15800472490
13505927578
13353387976
13958606111
13849406236
13925810827
13696885683
13621063404
13556175166
13534246107
13699770309
13020260624
15868543872
18685488766
13850155609
13213900499
13333543577
13738788816
13564978770
13509322795
13507512139
13049355613
18926482481
13705296686
13177805138
13860608379
13301880606
13061699148
13901757509
13951885994
13918801728
13818866088
13839492966
18688693808
15362991557
13707985863
18217440060
13824854878
13559438890
13338276389
13502833515
13681339707
13851851906
15910306895
13813830502
15814299938
13754023500
13857100736
13857795920
13611041698
13552781006
13935218796
13901335841
13803426281
13601155015
13560029316
13682627668
13450000070
13601422606
13381261376
13570345421
18930421725
13805033634
13661069985
15305110016
13502975828
15989301088
13566188808
13823126963
13903527539
15942914566
13554795627
13520752999
13960707146
13851544958
13044629759
13902734089
18960073385
13901773012
13934770784
13823597341
13161573402
13697561162
13702906403
15510783381
13661565565
13702825788
18997708908
13311366538
13816947197
18939850659
13701844478
18997705579
15239310725
13161336151
13775640818
13341017813
18059323758
13829128391
13602588989
13666695691
13057599665
13306505698
13718111940
13681198273
18970501600
13066669273
13916513633
13801393815
13917644104
13688831688
13621941721
13902434814
13806537666
13790192536
15980870026
13681885799
15860188808
13683515195
13602395706
13810373663
13357768505
13794021999
13623196666
13929446813
13600889912
13805058094
18929786271
13162755260
13702318765
13717096316
13601107760
18960854759
13825848688
13607981659
13902713523
13587511088
15329716777
13611825117
13701114988
13960862016
13386926999
13701272550
13702373439
13717519458
13813528227
13902772913
13671553162
13798530849
13712791689

13670429000
13001918222
13801047940
18251870279
15858767906
13505163409
13640943240
13761664340
13057711989
18688180778
13677568096
13570802281

13929939823
13642482877
13122106188
13907355346
13754026558
13509372778
13705532306
18922817888
13605860960
15811923899
13693720026
13857386156
13701287987
13829381885
13957398958
15867638925
13507987489
13552656167
13537220894
13502682480
13811912853
13772329893
13771129164
13520117108
13710131522
13311922639
13803428011
13611333250
13827848777
13456083258
13601899362
13701211630
18918200820
13691002036
13151877000
18969668672
13008043721
13611150711
18201690017
13850136100
13061751565
15859349944
13601324185
13501149111
13513667512
13301127389
13439691428
18621699579
13524037909
13967368779
13935206000
15038711688
13705076261
13531771848
13774333242
13706950565
15857342243
13166157838
13901203271
15011676204
15021087988
8668295
13816607027
13712600911
13905929606
13706902400
13923857489
15602960909
13911453368
13651226024
13651749734
15910311810
13803072926
13795497763



13880535487
13663424481
13502697011
13544123616
13622589320
13820036596
13521407885
13917305912
13705076261
13311306105
15541152778
13994346230
13505733971
13675779148
13860063678
13810680112
18911231531
13683088123
13911019565
13925293228
15260286080
13668705067
13868129627
13950426352
13502267778
13205938587
13774268957
18938043538
13934557423
13811868401
13423420980
15870659996
18926769339
13662636507
15818589201
13916505107
13682617917
18651371678
13735553582
13705900476
13713612504
18991426866
13693350959
18923620919
13632864385
15080269293
13093003228
15921695297
13699145625
13801713296
13718181509
13501198891
13248229337
13911004766
13362341063
15900461858
13383257725
13922815385
15823656511
13611947047
13902451898

13701661013
13599460671
13033908023
18917868948
13823798954
13671017970
13918195234
13602942140
13912392387
13760202385
13810117623
18610268953
15160242562
15018928133
15018928133
15121057978
13804649027
13501092088
18606992936
15362176709
13328259910
13701101771
13834124203
13823573500
13706519586
18980621880
13681188218
13501208081
13911983249
13709393166
15305012625
13600385101
15602892127
13945171309
13097188897
15849648344

13923202615
18950632206
13001157641
13515106477
13602635593
13863878422
13522044376
13901706570
13939356506
13592885025
13980687833
13901677888
13683175954
13615036598
18602013923
13950173042
13924615663
13895053623
13929695029
13510755151
13950767776
15092966699
13763887966
18964346108
13301125558
13790863828

13932199955
13607500762
15960081177
13355239667

13501283383


13587293663
13713932975
18650093191
13045661158
13930009938
13761012271

15995210651
13621977002
13705032006
13706581326
13581796268
13813810176

13509509707
13161577320
18918210303
13818469543
13832274980
13917040246
13895760875
13828059859
18606992936
13950365999
0516-83733472
18660572707
13552044193
15192231888
13799985877

13996855658


15026836668
13553433689
13585762336
13510216938
13653653580
13790055649
13902731392
13896610566
18659154385
13551165326
13305031633
13475480167
13685005806
13592787255
13903933361
13817543525
13950398100
13901219680
18959302333
13522677065
15914889990
18960751760
15659194036
13706986758
13823701086
13906642103
13600801589
13272729382
13810665223
13856341215
13316900999
15960192473
18918622351
13917121552
13324262048
13835229428
13538907023
13566528002
15901777740
15251884898
13728613265
13707675587
13885045929
13560744842
18915692998

13777364611
13621064149
15986065442
13609590588
13950402264
13810652622
13575793755
13927889876
13452847935
18702033910
13321885673
13191221836
13818103335
18659672702
13659107321
13799990443
13911186677
13860647690
13422868610
13823718422
13799123673
13506893012
13810885458
15918992030
18957858617
13817225933
18660193772
13761391039
13718949926
18200985261
13934459189
13520468796
13809294588
15225720666
13856343044
13307088371
13958070681
13318311311
13917902187
13584416713
13509602286
18918831867
13380246167
13414000744
15589270008
13728693162
13859975850
13520118492
13707951448
13501409767
13015418203
13706941867
13600406903
13818059893
13651818213
15986787797
13751069009
18917931345
13269886803
13699102481
13605261309
15815315977
13502648667
13512296830
13945729045
13303601711
13930418899
13506645271
13641400547
13052458490
18650708723
13737465901
13931685777
13813395929
13821194900
13716362835
15605166099
15911165558
13521333655
13036943942
18952581988
13559732297
13691300488
13705517678
15801979808
13501134348
15901339089
13530053998
13693509305
13576273079
13714777409
18705001313
13522422570
13989420818
13817304359
15923127397
15024738809
13839282962
13901580818
13603430676
13901188685
13368216329
13605956018
18960058289
13466547885
13812955280
13376906933
13590101406
13522263098
13508359485
13850568505
13860088570
13960741707
13835263830
13911703627
13501101269
13636628503
13502848016
13521423239
13815432698
13452909745
18659681898
15903681641
15960123131
13979863046
13823571423
13845017000
13860046426
13905011580
15310932880
13392888306
13366887427
13510739256
13705087422
13645186631
13856094473
13851579966
13875601833
13926753889
13701334319
13790920618
15955638518
15251654627
13671315990
13829442994
13958800799
13304815017
13433930952
13311830886
13950661615
13910250538
13816607128
13960707283
13877281813
13910559006
13716188355
13771818540
15880059835
13197102111
13605633182
15901731388
13121483948
13567805021
13813896426
15835242609
13506208720
15078542868
13567370516
13681351836
13061782760
13936281468
13810852013
15910636265

13736421919
15377385788
13689528483
13701777750
13907750613
18929716327

18676861381
13796968777
13520649379
13851507711
13509917553
15001397519
13560652990
13051274274
18924601829

13883435369
13600853885
13960619093
15219506578
13683371077
13250837479
13961802232
13305776968
15810445800
15010518971
13061769667
13828059859
13375568051
13641884219
13801356208
13599956124
18626322118
13641357217
13801669327
13774640230
13718007575
13951033888
13794816989
13565658893
13651472507
13763828082
13836092414
13817719922
13310033329
13032195699
13809293238
13645040778
13560333358

13489198218
13398438218
13809556739
13076126067
18939896929
13435505373
15880000103
18960059178
13850557073
18960658900

13515081255
15986925428
18918312307
13196539888

13988876696
13062539683
13979892474
13309267811
13407986416
13358258032
15818772014
18901711518
13607987615
13489133392
13801717749

13806739007
13536866468
13602569399
15945171687
13998539006
15079868326
15201124896
13682675346
13979830225
13905749679
13366859998

13858227935
13901942811
13908368242
18603028998
13951886087
15860091579
15104978361
13382225555
15852503700
13928312830
13801242992
13826515751
13817099533
13560124427
13855155978
13937335249
13599573887
13851683939
13520600175
13817778627
18218536483
13501285489
18685100555
13706195151
13552905591
13082910681
15959932993
15960679505
13850111858
13922594463
13922811882
13715683212
13868620101
13928404755
15860953173
13822712688
13033508692
15867749795
13612928203
13658882098
13168810850
13770569797


18936883301
18602752967


18359982831
13594370163
13990204272
15904589898
13983350796
15811081108

18659558503
15985868260
13701201093
13829310127
13322997875
15011158734
13929728053
13651387183
13501259591
13910788565
13806952835
13857452277
13601941521
13520575320
13908270159
13509533089
13827227183
13861833761
13365013593
13512371395
13564155444
15039376333
13651711350
15957112898
13824396630
13126618907
13904803833

15990078536
18608884123
13501925051
13631671726
13641098349
15892049881
18968077119
15858702852
13520905507
13332678999
13640503056
18686612211
13904517989
13704813906
13916618616
18061726169
13575300751
13560210785
13705718823
15901390495
13311696582
13850576786
13805096643
15026644390
13902965608
13874766250
13559695446
13910899422
13521657633
13701836447
18911336718
18691816899
13086320393
13935275549
18925227742
13839349330
13604888789
13901429668
13916870680
13728661878
18623145448
13926838695
13701364061
13858365543
15259677261
15816446254
13757372797
15357589151
13850379867
13601480784
13981066171
13695069686
13535934681
13557057499
15838686013
13611104115
13946055110
15096586665
18917871990
13906624831
13901111603
13568587679
13521116246
13552044193
13802546200
15052311631
13681514292
15887056798
13651622511
13500067556

18019355001
15810005534
13603019489
13075902265
13817302080
13622265262
13967375291
13241728039
15951991138
18211891528
15883400215
15889751109
13906606963
18810568717
13265039266
13910272793
13819100679
13489109946
13371835633
18980621880
15914033385
13761835564
18200561966
13728615952
13601818892
15207620212
13626943959
18200989197
13995382655
18623111121
13926708071
13570866182
13567337123
13854232121
13816774371
13911778278
13560489996
13701007287
13522422570
18663958848
18976352013
13666007588
13718935007
13923453881
18964171128
13361629711
13771366764
15125476256
13567357890
13459218789
13581759909
13802224832
13501084908
13858854985
13851466527
13366798628
13817778287
13923836056
13916038185
13704813299
13815850485
13861816554
13826905169
13584089572
15161036032
13602188708
18751198153
13423561405
13378666511
13691452715
13995587958
13611348814
13381946609
13806983536
13439218927
13522735981
13576310292
13916871900
18650388366
13761083447
13661769298
13500054759
18960751760
13565692998
13712345884
18050769209
18688030530
13883336282

15800339810
18650157135
13638842169
13652568780
13835278811
13168074660
13501602598
15921919650
13701266963
13317465926
13301609903
15361442980
13006896816
13701756416
13693130919
13301518682
13926811941
13947265366
13884444515
13760105199
13858869402
13157146546
13860337010
13983738801
13466932464

18806874159
13950488967
13961853307
13860085860
13910085316
15994750309
18905739581
18057312353
13721715258
13619383366
13803295596
18663959792
13774215134
13795289833
13012538088
15868366567
13451805838
13602669442
13927972862
13306666527
13620223798
13934459124
13970519676
18665613120
13001231060
13929926638
18929720365
13960857796
13770555014
13911366806
18607528328
13918850935
13701531448
13605878816
18760697902

13918561610
13651034309
13761111185
13501757898
13001557902
15823666890
13502996256
15053201129
13712688366
13370185393
13488684600
13854218859
13489105559
13012519711
13852620360
13926555971
13116990077
13408853067
13316308828
13961881138
13801275938
13602588989
13838658096
15119730643
13897880018
13909109932
13912472925
13601130101
13951632827
13907982762
13957334043
13600889912
13828982898
13661515594
13758086299
13764968031
13991211956
15390130793
13488824984

13347035588
15859952001
18930398802
13618585330
13977362330
13850168526
13093011261
13806693781
13950529851
13819067061
13860363806
18706299713
13509637160
13146082571
13902412415
18910231191
15051812993
15057309116
18930810121
13714839035
13869765293
18657398866
15802361800
18658864884
15958737662
13958806460
13778277230
15868773499

15358160950
18967765957
13777229665
13764415555
15908973252
13520925295
13602307119
13501163539
15817264979
13589587188
15900816898
13512533297
13979816891
18905737868
13509624130
18980621880
15965598337
13712977736
13911484020
18701003076
13929926638
18903191168
13277203966
13701945606
13008886830
13992868722
13906830505
15811197611
13586393221
13906833720
13921138818

15221290903
13649856913
13905990941
18602031039
15615328331
13905929300
13501849160
13600405000
15918306322
13360821999
13834024059
18605778886
13439400410


13758086117
13901088408
13456271552
13603949606
13802317874
13870855780
13675122573
13811692869
13957326320
18688938142
13586335003
13788143466
13586469895
13656603695
13957329151
13567301190
13600138148
13609680176
13918849628
13831691435
13887136070
18624034881
13575333951
15825710179
13586383033
13575311155
13705186995
13108222170
13799139166
13555614532
13802564194
13809526878
13902722825
15858825480
15010648238
13655046509
13141386229
13001191383
18904512857
15147583052
18650763313
18350342682
13815406616
13906838066
13736423735
13424377299
13979865970
18610257410
18951942711
13918364125
13607981427
15067828768

13959617195
13914535974

13611047956
13911868183
13769165312
13330325789
18608888765
13250541546
13716576165
13415006525
13358283698
13910055774
13864914041
13240162909
13696873935
13567384640
13706831701
13516839896
13516734344
13616735702
15306832709
13736991909
13994415728
13809584855
18610332826
15298538509
13665063956
15893271688
13586322223
13589804815
13718379268
13819062188
13924604070
13991998603
13817922635
13536915998
18997190812
15365100831
13770727650
13601401789
13621305622
13968889927
13809021132
13439328155
13626399456
15959598305
13809671689
18659704488
13395095555
13611956198
13902709210
13901773828
13671553688
15312377008
15217298431
13951682371
13182970022

13428804998
13681746299
13729212358
13538037218
13520118560
15086656978
13626334455
15552266770
13635485601
13666759099
13679266191
13892840207
18659126030
13867353636
13918057072

13607984166
13611351561
15921022448
13906839326
15303345815
18688373363
13375456989
13661820303
13928540999
18650700306
13770598880
13757383297
13818207886
13515162134
13951850183
13813883582
13528555824
13962138150
13311362480
18889993683
13671213840
15818691227
18918191408
13051620623
15957393233
15005009377
15365166923
15859054110
13902704377
18621599909

18650763313
18729848093
13279616615
13502718698
13385882598
15651700516
13801151786
13075902265
15980863833
13126838898
13815424591
13525289071
13957334211
13681054664
18606014160
18001398510
13093011261
15864081710
13960007684
15159419327
13811493649
15300135313
13801163383
13778276901
13456265526
13818415000
13817828499
18025313953
13512375284
13003279703
18975586791
18059033017
13802433401
13326179982
13682652842
13002179192

18611458114
15996050043
15049328868
13311281678
13901286586
13964815582
13272552878
13502718553
13068985868
13609249782
15005273040
13138873503
13946383566
13629201445
18938378955

13983452835
13818392904
13426157216
13311932896
13002122444
13536942920
13701382148
13761703508
13965081995
13524822723
15361437579
13910412186
13556780001
13509874022
13891989682

13682946611
13906638518
13961870890
13661731553
13709143938
13720739722
13466361177
13162861063
13802373258
13626420255
18651619900
18912885122
15965199348
13522360518
15312236505
13311319587
13601226919
13356014688
13708351162
18607565457
15976189668
13516679171
13021125170
13597679155
13911383710
15201967168
18701865828
13706042594
18965047130
15859032153
13701858449
15721370100
13601317021
13708917207
18915641178
13601370641
13661077019
15901339111
13660863787
13916196472
13713901691
13906190058
13003805512
18651641167
18918800678
13391086629
13378609392
13502954146
15924827999
13645050008
15335142395
13859691879
15013861635
13681217546
15829512128
13791270538
15380789059
13823199812
13509876688
13901633198
13338552581
13895783364
15217298431
13661537877
13905261099
13979831115
15601145158
15243352228
13524524248
13824380220
13683081481
15953522497
18639376777
13671715785
13627071999
13906743041
18659160851
18675437788
13815898666
15287050691
13120115709
13338552581
13311661719
13691154043
13951080366
13433399111
15006506028
13810059373
13581669375
15113667011
15219714444
13355394080
13621456583
13825266167
13712934440
13554718507
13311122061
13707255398
13601083972
2584271611

13805325645
13836358999
13439084259
13725880886
18604015566
13661769298
13605802318
13761599547
13686775136
13791260332
13522090757
13794370006
18603525551
13520419642
13851569501
15295233620
13916011518
13161937249
13684361975
13774461279
13716480022
13924588619
13910833159
13936276541
15067733099
13870913039
18981079313
13910062993
13860628249

13701398869
13693674928
13818945213
18627913311
13964552585
13979749166
13600886631
13702667795
13537597877
13524533341
13632989166
15539344484
13802700824
13661233930
13693055022
13918118136
13810074752

13801506487
18916074991
13927464225

13817736424
13801116451
15992244973
18671149999
13325980005
13718135289
18600722689
13997771660
13603047428
13505754972
15001866316
13666773388
13918837199
15304632876
13065738425
13816611334
13521497515
15901857699
13146060573
13501039661
13879835660
13127590385
18609904141
15961674974
13702464639
13957724828
13701169859
13712713033
18650094257
15640728581
13093050605
13651995959
13868522558
15805315318
13472722462

13916765273
18903931579
13697603855
13683662109
13366161209
13521398709
13357799323
13812002258
13809520102
13567173052
13986855263
13524361377
15920344401
13502553511
18688663128
13531277268
13140730200
13482155079
13770509308
13901801960
13681805845
15360534506
15123242483
13701725640
13375568050
13698692358
13953625572
13120212341
13916191380
13967380292
15267036904
13681138888
18918339792
13795347767
13916948696
18081911877
13581659612
13651217013
18926060036
13951011812
13819584477
18959331353
13942512058
13398805992
13030302118
13795269424
13603833274
15936783257
13176533208
13277631693
18951820644
13611830601
13711911115
13619459982
13806880207
13035409966
13817478442
13939370646
13383411836
15024357572
13589382866
13987460789
13713712362
13042118537
13970118213
13714549740
13918175728
13589097772
13887091422
13651129781
15172894856
13428804998
15863015102
13951962481
13683344445
13366358800
13580828988
13930407489
15954227080
18930980878
13721769035
15821127770
15601016838
13761461173
13701935259
2585472683
13608979158
18987016655
13031117744
13560773260
13701815366
13806814065
2586657059
18607366110
13860000767
15974888732
13310111777
18820426788
13691467069
13520515572
13951885994
13522514490
18950660767
18631254321
13768605953
13520615468
18951989152
13211393711
13330361699
13801225727
18917198142
13605329860
13693347378
13691197048
13559438890
13708990263
15888767988
13601125370
13632841201
13917658815
13578015766
18623198802
13967301677
13901668838
13661116511
13905168818
13973815105
18994049296
13608091147
13601649417
13814503230
13122677001
18905908529
13011203036
13120709327
13917586226
13810324510
13799116172
13708351162
13973523516
13833006912
15696211709
13505212881
13915942851
13887027820
13600158132
13974697783
13866111177
15658839989
13824331940
13905174589
13683244825
18688373363
18858196764
13693350959
15951012214
13859006999
13375568050
13665150774
15549179566
13516205575
18971870719
13316966312
13347445399
15287038425
13984820941
15111007349
13578070410
13611959261
13925123669
15172929758
15921009356
18917952491
15021289158
13923433285
13151050923
13671340058
13918151104
13918353336
13063166466
15048991688
13718031132
13770761896
18939932916
13925236108
13162931077
13641890169
15516630653
15803937833
13311337381
18905911009
13514066583
13687084654
13902908261
13723460855
15807008895
13073688833
18721326629
18950655061
15057585206
13537511619
13410094876
13956071268
13509509659
13671771388
13330361699
15611205826
18930699236
13501237997
15999699875
13636369255
13916266175
13638840197
18616092692
15903936808
13801714193
18618250881
13584826330
15007428358
13638830656
13917545458
13588820138
13502851646
13978149199
13322985373
13902728589
15972458699
13927336883
18647782779
13501777677
13722996609
13777823177
13315537725
13801985461
13980826981
15936799151
13770709129
13816986379
18929786280
13666780808
13510722823
15997796202
13887068279
15884293943
13318506632
13806756607
15150648898
13917338700
13638832521
13707907999

13714235004
13578028106
15979383158
18676378847
13480752514
13366530189
18964698062
13873896387
13817443961
18761866205
15921588808
13706112689
13851840751
15139317215
13817304211
13602368132
13818000648
13851859199
13830519912
15121108914
13510275216
18610009563
15980186611
13705360838
13917601171
13528692218
13809681780
13851656158
13951869211
13809021132
15921771285
13911311372
13600270228
13356133302
13657005188
15172886767
15060076382
13824399344
13829160782
18996206528
13809693149
13603053335
13851496351
13588530286
18769157327
13983200816
13815432698
13801943195
13716184139
13816531478
13556310771
13621029410
13906656199
18601257601
13829967999
13867381988
13839376526
13301888158
13022144010
13701373869
13964536293
13816094013
18651615876
18950628131
13397290008
13391905137
13967808326
13919171189
15366133207
13052190706
13816094013
13964536293
13701373869
13022144010
13301888158
13839268575
15967753155
13585973027
13707984226
13910061116
13509381910
15009996661
13851850087
13371913973
15338063166
13957769001
15839344422
13285867766
13914532755
15252620699
15562682043
13791801737
15009171717
13685045988
13651970206
18775555559
18906921863
13607836194
13524242987
13887138889
13542702689
13556818006
18917016198
15317101731
13770717982
15088615322
15057340305
13904990123
18986066779
15869620513
18982402166
13799960665
13763854673
13586598882
13338611617
13827801863
13553036562
18639149816
13763865588
13828813263
13338622009
13621990360
13603079683
13806752899
13701123572
13906939824
18602107858
13825786787
13418716660
15007621618
13931096060
13705510300
13761883665
13972407581
15936717777
13781366155
13649830201
13918476812
13818362489
13958858882
13601620773
15806036607
13919125167
13780986709
15095162255
13970023608
18918272772
13751100228
13459477614
13764121558
18918027935
13585105712
13922952566
13336999958
13863946160
13925123669
15967508731
13675000013
13905173697
13917163686
15295205599
13621894188
13931420985
13110150513
18666869452
18339259777
15820907171
13829968248
13801823854
13589090208
15060053902
13641919224
13761114848
13892823576
18601356885
18371837666
13979158795
13505516518
13625324927
15801951149
13607987336
18959788116
18930466055
13381678638
13892823576
13781328008
13864188199
15859024233
13651747037
13916361368
13184637588
13691560017
15026505225
13850172225
18633607089
18371837666
13906643094
13851483988
15587581080
13954585620
13001120937
13839356555
18993130777
13938313726
13839465795
13305013342
13965001567
13830519882
18862173109
13918286760
15223487609
13611917227
18055286826
15986737937
15063851728
13631655883
13522885527
18627168865
13926819619
13816783951
13636600169
18678968660
13651679999
18616602211
13562220536
13953165010
13826935655
13012845231
13611717369
13705601552
13661778169
13918593727
18671864598
13513929580
13801774477
13018790178
13113140739
13990236766
13324183768
18673509897
18747434430
15818587612
13589782231
13033980272

15171055540
13817784145
15890490650
13801716197
15823581177
15875042261
15026505225
13850172225
18633607089
18371837666
13906643094
13851483988
15587581080
13954585620
13001120937
13839356555
18993130777
13938313726
13839465795
13382907852
18964826530

13308705033
13790791868
15918318808
13055723326
13922820870
18017283011
18964805798
13535169566
13883391130
13917453200
15815475355
13965119256
13901745746
13837596798
13069753281
15800781625
13777425820
13949735305
13764813661
13045602095
13960815413
13701819838
13480795659
13902547295
13393332098
13901876855
13525608503
13671539943
13817780257
13609663119
18918769249
13301856025
15088618525
15002133618
13916113508
13799127211
18928479790
13321869198
13811633951
13901619200
13918259228
13781365461
13860022968
15198592281
18660485065
15334012799
15307040466
18910787149
13305011950
13312960485
13721762498
18668009120
15817527820
13829255833
13771839854
13925744401
13774088512
15955159623
13917275904
18017283011
15063851728
13358223736
13824383545
18868720720
15824448303
13924381618
13336990131
13639852226
13995688638
15939339900
13061738732
13681611968
13887047368
13554185959
18678978581
13801088726
18964180625
13901737013
13902546281
18918989443
13701950419
13817466576
13955131619
18071341462
18930974898
15960198269
15921122690

18666381818
15902157491
13564351991
13916340857
13552285929
15026928028
18606970135
13001222721
13480751297
13651881701
13403066786
13847260085
13241808622
13611019162
13681608630
18616026158
13581966236
15603790108
13801843038
13524022258
13615519699
18901887810
18223296011
13553022896
13197215999
13706503641
13795451060
18981020917
13186812650
13425183213
13635766546
18672060000
13839388623
13822019949
13534208456
13381606236
18706009996
13917901461
13618706018
13947566466
13986859666
13509610855
18919652936
15917117746
13433502670
13003139277
13760158309
13957351447
13901377706
13901034191
13999268135
15960001845
15986597048
13538091349
15160775251
13556241178
13887118109
13917109551
13917766718
18631468446
13386720903
18674609140
18605949652
13781332666
15921538898
13641871718
13763805265
15397297220
13693007587
13509367301
13636348661
13987042060
15012989995
13586668599
13870660776
15939407776
13324969469

18831490618
15900600389
15039330333
15039333355
15639336666
13886766412
13585579959
18676950288
15901893030
13906190058
13512822951
18621535050
13088675857
13961105880
15921490221
13681611968
15067733099
13585684339
13761477758
18616555093
18850711918
13910233151
13003295240
13997750178
13146626395
13501955733
13590193163
13770962866
13007605589

13524386606
13993501660
13918733097
13148869794
13701992190
13501277942
13816172729
13910158234
13816448068
13839355780
13377728288
15810330653
13472753480
13671200287
13879756491
15057998555
13918978958
13928359999
13957732326
13854948702
13923715507
15622257800
13938324269
13790822082
13632326050
13968597610
13388517101

13701913743
13901795875
15601145158
18659395939
15026579206
13901142266
13301036286
13682331306
15806036607
13597794755
13917286825
13801053671
18611198077
13642522222
13879226117
13382056168
13784932056
13828186680
15110039257
13303926805
13241480370
13588075683
13595187321
18671860971
18759132609
13918158477
13795353997
13663078583
13701923666
13391183279
13607982330
15139250666
13671740883
18616527625
13794749096
15012861192
13641935179
13988165559
13632320488
15641543853
13513937916
13710658607
13601749442
13248215892
13053535327
15563603118
1358566402
13902693651
18752743796
18624197391
13727781585
13439646683
15712868661
13761688153

14781948639
18607261077
13701719246
13923850913
13057780955
13161281587
18621116584
13305173010
13516823689
18605999707
18678979679
15952701527
15926101130
13517178906
13671711617
18964019865
13896794735
15219840310
13761917758
13061310323
13599061826
13879187808
18928311089
15952728568
13917965757
13916798261
13575096833
13808800145
13693352675
13922840539
18817502389
13810872708
18769157327
13811535272
18017670756
13906786233
13799912376
13918722995
15904261237
13002565432
18606839888
13901753755
15806036607
13813140688
13751015946
15000804496
13361866837
18623421338
13609311482
13815997228
13671552062
13923868195
13986854938
13910668633
18926061134
13376784899
18658432961

13919479680
13911386410
18660001039
13060920053
13564623201
13799507506
13465455280
13386267641
18952026844
13938307107
13916825722
18061728068
13825737537
18667139025
13851871503
18916052027
18821064218
13524318772
13607830339
13003419921
18872785158
13916688576
18857885578
18971409651
15802194397
13277526619
18261056621
13702862885
18721323610
18950379861
15863806755
15098678977
13511341136
13515353518
15968787250
15005041376
13582705920
18676699119
18607908979
13620989803
13316452672
13321987659
13521004729
15139202904
15000255059
13816636395
13005473571
15658117537
15113768888
13021200541
13817521611
13524960013
13506660536


