13970880627
13979162160
13870935818
13807096205
13907087517
13970916900
13517916789
13576950055
13507918038
15970616416
13870065222
13870868174
13767036922
13767183091
13479102420
13807067963
15870619315
13970856668
13576265648
13970967468
13870871670
13870909640
15007006216
13870060510
13970988018
13807094646
13970068926
13767026929
13576015492
13970072072
13767189486
13970066916
13677081668
15007007899
13576045269
13803526921
13576299773
13970942079
13979136999
13907009184
13803500333
13907099797
13755750569
13707917235
15079150250
13803517356
13767081280
13607062631
13576119799
13803522188
13807041806
13970847437
13517087068
13803535306
15970625325
13767995099
13970083382
13807069538
13803538750
13576098097
13870888910
15979100278
13807080682
13607087598
13367096919
13970993456
13803547002
13507001127
13767130558
13870665109
13576129353
13807081327
13970009336
13807033633
13607044594
13970073576
13979182300
13407919739
13707081166
13707913263
15879104636
13979121792
13879152663
13807914624
13870867503
13697088551
13879128973
13870853292
13617098846
13907008030
15170046845
13979126503
13970902520
13970091607
13870955916
13970883370
13970046001
13576039208
13870805326
15070812808
13576906966
13979166166
13970925525
13970091022
13979116111
13576088216
13707080400
13979101126
13576976029
13970969888
13732919516
13607002681
13607099920
13970092681
13684813696
15083813008
13870958506
13870974556
13607093533
13907004693
13807910316
13755682798
13907911398
15907080927
13879110816
13970861277
13970050803
13870834784
13970096636
13879132679
13870068895
13879139218
13576292944
13807081598
13576258788
13807055126
13970925924
13803537535
13576088657
13870998769
13970868278
13517096387
13687096632
13879171745
13576014731
13970970563
13879196050
13879105567
13870051922
13755699125
13970050211
13870606862
13707097135
13970882588
13479126669
15070979898
13807097309
13437096166
13970095045
13970871628
13707089878
13870618371
13970068789
13907918811
13767058969
13803510911
13970809933
13979137517
13879157580
13970052722
13807085574
13970077755
13607069236
13607099816
13607917881
13970033553
18970076748
13767196157
18979171961
13970876105
13807002485
13979108160
13970026482
13607087506
15079068700
13970025019
13307913035
13767484112
13576278288
13707099117
15179188484
15870667489
13970001755
13767037707
13767436644
13970807480
13732978877
13970969874
15970667566
13907911974
13803527280
13879111389
13870060525
13870986668
13807919923
13879179966
13755660765
13576116555
13667009318
13879150999
13870986701
13767012288
13576135059
13907005775
13576285448
13879129277
13970996322
15007918932
13907085608
13576097732
13970961169
15979184522
13879129395
13607912353
13979122177
13970029166
13576986787
13479136619
13879191382
13879111522
15079028700
13807007833
15879162806
13807000219
13517914493
15079100311
13870967122
13879118225
13507003277
13576293952
15879016618
13607917011
13979190619
13870881090
13870069016
13607066399
13767013398
13970950555
13907002319
13517092436
13576994522
13576086498
13979138909
13907099377
13870637699
13970088693
13870981919
13807067878
13732937106
13767061696
13970817799
13767995978
13807037778
13970898370
13870875549
13576917518
13970930093
13970831223
13767183618
13907098056
13870895219
15879059836
13576988751
13907083023
13879196502
13870977729
13907918366
13707086998
13870853356
13879104129
13517918012
13732930758
13970040791
13970930655
13870834415
13320119168
13970078110
13803515210
13707910421
13807098277
13870908128
13970917290
13870886043
13870845657
13576925321
13807086997
13979154766
13767020077
13307091999
13807919916
13879186758
15979130561
13870080779
13979143170
13979196876
13979168396
13732938839
13870890558
13870631817
13517910868
13870614332
13979106610
13870968262
13707912781
13870989818
13807001791
13970006016
13970926789
13870888343
13870933628
13879171708
13317002866
13970029339
13607915512
13907919080
13767082030
13970876353
13879127390
13907091576
13755658917
13694880880
13807099099
13517916853
15979062747
13870887211
15879091928
13576956690
13970813424
13607043386
13970000807
13807919783
13970941674
13979132266
13767062144
13870058860
15879117636
13755616019
13755667035
13870636869
13970916761
13879111047
13607919988
13970088168
15907000023
13870080292
13970886656
13870870095
13870850923
13979195598
13732937962
13979167790
13979115329
13576127527
13307084478
13907916250
13870090493
13870849711
13707095982
13330096632
15979104701
13870868815
13970818395
13870615520
13755771192
13870954865
13870995759
13767107720
13317912758
15879088879
13870814248
13576103518
13607043387
13755623363
13870627410
13907087231
13870866778
13697088039
13907912586
13807035942
13879122200
15870003531
13576951027
13803510046
13870866993
13970916523
13607099195
13807056265
13870877118
15807000062
13970076707
13803548478
13732984949
13970015541
13767059696
13803548011
13517089069
13870922096
13767056964
13576071617
13979110768
13970078267
13870932887
13576299260
13970836550
13907081358
13755688330
13970966375
13870877513
13807092407
13870676236
15879050726
13707910121
13807006738
13970072281
15879153223
13907096511
13576969091
13307086861
13767168608
13607040167
13970081967
13657001510
13807082699
13870826776
13970830667
13576924226
13907002383
15979115236
13970880225
13970920189
13807084289
13970973657
13607098318
13870896307
13970098092
13970071393
13607913851
13970090609
13970011583
13755690181
13507081117
13576009710
13870827687
13627099423
13699504990
13970030184
13807080055
13517082008
13879121998
13803501169
13647918892
13507001139
13697009602
13803545517
13870090046
15979060903
15970487958
13870898621
13576939885
13870947362
13879127098
13807088133
13870066390
13870856025
13970833753
13576283356
15079088885
13979119625
15170400102
13807036198
13767462837
13807919391
13970885158
13767174148
13879167795
13807008407
13870886909
13970096136
13576015980
13507081650
13755628233
13517003510
13870956969
13970037107
13307914222
13517005739
15879172367
15879110067
13807036952
13767468483
13970055878
13517007823
13767182660
15970668899
13970851033
13307095386
13870869878
13767085677
13879199475
13970092529
13870078050
13870896230
13870938286
13970976280
13879126212
13970045254
15907003880
13803528670
13607009918
13870941650
13755779668
13970977093
13870097398
13767077737
13907097989
13970968369
13517919691
13870843922
13672222999
15079128866
13607046869
13767088173
13576108906
13870995136
13879155889
13607005100
13617919283
13907082126
13979150265
15970610899
13576280189
13803503939
13970858356
15079192912
13767036216
13979122120
15979111919
13507006958
15970689715
13767199992
13970069855
13576260022
13576099366
13907008319
13907008623
13607088291
13970860865
13576070666
13576270523
13870921754
13870996799
15979065213
13677084062
15979166659
13707098771
13607096378
13907912778
13870662949
13576921137
13320010290
13970948086
13699545338
13970903741
13907000478
13870880169
13970809402
13607060876
13870933088
13607067371
13767065206
13576065668
13970930199
13607006088
13755681058
13870615551
13517089762
13576254733
13607060996
13767192301
13617910022
13907007501
13907095099
13970834806
13807053137
13970006696
13970911123
13607080278
13970856532
13970925599
13870611235
13803505666
13979198918
13970024367
13803514553
13970930128
13970000955
13870089850
13576956050
13970825953
13870612060
13970011090
13970830308
13317002826
13732975693
13979121183
15979100677
13767035588
13807917103
13755688833
13879126846
13767027761
13767065950
13970880236
13707919922
15070900778
13576130897
13970075066
13607095296
13970819177
13803535195
13576991819
13307912616
13767128319
13803512708
13755779981
13767151198
13807001370
13870888379
15079155185
13755761188
13979178127
13970922008
13907092049
13870845127
13576023985
13970921835
13970089252
13807053463
13970828612
13870961071
13607043951
13807092209
13807911500
13907000290
13755667181
13617915523
13803549116
13870936505
13870886170
13879101919
13879127087
13970892163
13870075408
13970064708
13607007032
13870062908
13970803456
13879117856
13970880589
13979127760
13699540030
13576000161
13870974307
13320115999
13576902202
13970090062
13907097619
13907099096
18970098760
13979116686
13970822168
13970076549
13970991823
13870927889
13755648403
13907917832
15879008627
13870667652
13330092155
13607008970
13870051117
13970916860
13870853866
13970082589
13576037963
13707080921
15879138673
18979173008
13507918174
13507093180
18979176723
13870881847
13767461859
13803535886
13970854477
13607094676
13870056845
13330066898
13576978670
13970994459
13970034160
13755786688
13879156297
13576978178
13907090835
13970060611
13970083699
13755772156
13907919915
13807917608
13517096934
13970088838
13870908000
13507914061
13870962589
13879145678
13807093353
13970066618
13330088088
13367099399
13576086045
13870087918
13517090989
13807058379
13607095655
13979189110
18970876871
