13970072436
13755665978
13979101037
13767101976
13607060389
13870863436
13870648878
13576138892
13970023386
13970888770
13870642399
13970932176
13870868102
13970933202
13879151638
13979121239
13576026885
13657085582
13707082631
15970447599
13870643202
13970905966
13879136547
13576989112
13970060853
13970060899
13979106692
13879183333
13607068523
13870916597
13870602199
13970981709
13755787216
13970049346
13970920663
13979107652
13807031999
13970830754
13807000580
13870697507
13576028176
13870820963
13870975759
13517080938
13979174766
15979046541
13870920881
13607001742
13607081609
13803546351
15870018005
13879117585
13870603055
13970889916
13576997275
13755682194
13870825619
13755685567
13870823272
13970008182
13870071676
13803507900
13979123296
13970895683
15979185576
13807088515
13970922185
13970877968
13979194831
13576282219
13803505729
13707916877
13767458737
13870636031
13767187393
13970009501
13970870198
13803522910
13607084532
13870845652
13879187387
13576006196
13970840776
13870912175
13870955238
13870975835
13979165100
13970530601
13767083961
13576293060
13870938785
15879131984
13970871768
13970071487
15079018255
13970920283
13870636981
13879117658
13870921609
13803545522
13970863213
13870913623
15879005751
13870925563
15070044321
13870641298
13576950867
13970916328
13770962605
13970803079
13870975808
13879141231
13870824881
15979138716
13698002018
13879196811
13970939717
13970037867
13870905728
13870825602
13803535833
13979160063
13647080585
13767085319
13507006016
15979167298
13879188096
13870918592
13767150384
13979135801
13979172272
13879127369
13870823276
13607096605
13576076160
13517080936
13970923706
13970056759
13576088885
13517081866
13970990427
13970876821
13970980455
13767120002
13970071175
13979194028
15970655328
13879151810
15907086161
13970931357
13970969760
13870676117
13870880800
13707913976
13870815977
13607915435
13870654772
13576290420
13870920326
13607096609
13870926562
13870803989
13870877947
13970925948
13807917645
15970406267
13870929215
13627911376
13707086169
13970986128
13807033466
13870935253
13707081078
13870697721
15979107373
13870873489
13767083055
13607086728
13870868601
13970918521
13970999315
