13647911798
15970608302
13907090623
13755765565
13870695367
13576003141
13870098757
13970932269
13870978598
15070017038
13970909632
13870606509
13803502283
13970864426
13317058258
13627916271
13707097113
13699527738
13767152648
13687002586
15079098218
15010921160
13979195607
13970088496
13755760987
13732963864
13767132286
13767105077
13879173181
13732900970
13879198630
13879135426
13879125349
15170002880
15879080959
13970039784
13803530468
13803530837
13979184620
13687091398
15270963238
15979082757
13707089832
13870946844
13907005217
13699544669
13907091035
13607060876
15079062058
