13606008225
13850092099
13806076879
13860151621
15980812966
13606083080
13003933907
15860783551
13950183180
13400601045
13950168852
15860779007
13606920017
18750249891
15959231175
13600974387
15960280330
13859952877
13779988362
13123399158
13606097366
13806023293
13616045960
13616060718
15160077859
15980750487
13599534189
13806068993
13600905800
13859902905
13860469245
18750202795
13625009953
13606014954
13859996026
13606051008
13859959218
13806005149
13606921819
13950152242
13799840806
13774691327
18965116277
13779930938
13696905956
13599539649
15960811402
13599929718
13806060619
13459219322
13313865586
13459038007
13859983302
13779958170
13606093328
13400601127
13606924045
13599535054
13950100963
13859998861
13400667131
13806039116
13599913306
13400600352
15985857166
15960841983
15960253914
13616002026
13400613738
15959263155
18606094271
13666056366
13806098884
13720890074
13950595580
18950086866
13400667071
13799750606
13806073681
13950089617
13600968532
13400637134
13003933959
15985846898
13625016397
13606931576
13850086202
13959276777
13063034215
13860480168
18606098533
13950185825
13806079296
15960246559
13860121658
13950138968
13774678244
13774655722
13606907026
15160019804
13599911232
13950130202
13806068720
13606900709
13003923231
13600957619
13860186560
13616042025
13666056705
13806060672
13806022054
13003920528
13606031221
18906000598
18965185718
13806013929
13860452702
13606025962
13850003369
13600906640
13959224869
18965156285
15606008886
13950122882
13060609653
13850077698
15985860560
13779989293
15359317128
13666076690
13799067166
13395020271
13850088655
15980810199
13906045227
13666073663
13062437366
13950171176
13606091122
13850070061
13806046800
18605025371
13850082327
13860138253
13906052778
18905926066
13599911474
18906033369
13950056822
13959242360
13400697766
13696919962
13328306848
13606006875
13959217267
13850000699
13950079706
13559228685
13906048838
13600937977
13860460774
13950073356
13950169090
13559242310
13860145551
13860127267
13860491084
13906021050
13959232733
13906002550
15359405590
13860197826
15980750485
13859926199
13906022316
13850074726
13666095726
13950156070
13860459658
13400627113
13950169711
13806091133
13860473260
13806088055
13850088986
13806074886
13806082287
13860159535
13906022742
13606933877
15959227190
13906051224
15859276331
13806001817
13559210518
13959286223
13646027806
13695003525
13950053585
13959265926
13515969740
13959287433
13606017916
13799757148
13779966715
13806017765
13806085887
13720898125
13606903177
13666007929
18905920800
13806013546
13950015558
13616026851
13959261377
13806006062
13860498599
13906013315
13906043599
13806075359
15060759936
13600945046
13950133080
13616058558
13860199681
13950115981
13799755866
13959252971
13696910994
13850090833
13599514228
13850085369
13959213428
13959226086
13606900686
15859275887
13859984438
13950058876
15359863983
13696988350
13779971098
13860420591
13950103765
15980856562
13860133338
13860170900
13779992297
13806025111
13850061358
13950038803
13616012684
13860143864
13860496969
15805915003
13599520488
13606011173
13959237622
13959228225
18906001885
13950136005
13400645054
13860195791
13959262010
13696963436
13860430793
18905922566
13950134245
13666035108
13599542229
13666077519
13806008693
13779957279
13950070513
15959266618
13860126683
13950110650
13599914298
13215013103
15960833392
13696970908
15980777901
13806086159
15985842757
15959261812
13695000328
15880282366
13695033747
13806038177
13860421213
13950074915
13003981627
13606027873
13906015371
13720870437
13606052658
13779942088
15959250604
13950077599
13616015509
13950050901
13860191655
13599925508
13400606598
13860128565
13696998897
13779990720
13959215598
18759230018
13696966857
13606029128
18205999913
13860465804
15959205509
13806079217
13459290988
13806077948
13063099068
13850069137
13779987906
13950123712
13906001789
13950135001
13666069806
13600911619
13599518693
13599924492
13860489508
13799291299
13950071551
13599912729
13599528308
15859247541
13779988091
15960216122
13860490489
13860455708
13860137038
13806011967
13779998110
13950079739
13606031105
13055920088
15960298281
13055227330
13959291424
13950153220
13606053586
13055505911
13850099069
13906056460
15980968242
13950125542
13606933222
13159238655
13806001343
15860796739
13666066723
13950135312
15980775998
13860438980
13666088133
13599503885
13859993399
13806089794
15259256200
13606923095
13906052707
13950163102
18950166305
13959779628
13055205005
13859957826
13906030662
13306036850
13906038933
13860461688
13306055509
13606010589
13600905712
13860427555
13003929785
13400666783
13850080300
13806016574
13666065588
13806001868
15960280728
13806050867
13950155818
13400718788
13515965645
13779961936
15805926359
13850034966
13606093135
15160089719
15860783445
